number,anchorid,distance,lng,lat
1,rpi9,0.72610595743515461,rpi24,37.2391706254568651,rpi15,40.032862969956351,rpi18,23.8231946935869031,rpi4,0.48809010124757581,rpi10,13.7246096100756181,rpi13,11.912420080273751,rpi8,4.4309821448929911,rpi17,4.111497211045223-0.0828301853488471,0.13336587041691003
2,rpi9,0.72610595743515462,rpi24,34.7736316966321942,rpi15,37.224641662495272,rpi18,17.7044952637988862,rpi4,0.59944570107339712,rpi10,13.4147736766486432,rpi13,12.46904809267692,rpi8,4.854746977233662,rpi17,3.51733839665155522,rpi19,12.8085509453627842,rpi21,20.06781090018188-0.07943016407238258,0.12771810105780804
3,rpi9,1.22767369374656843,rpi24,30.3650087911123173,rpi15,37.591802151848443,rpi18,17.9388652758725123,rpi4,1.55955053149327833,rpi10,12.0101068470844873,rpi13,10.45954536138983,rpi8,3.52713463384668653,rpi17,4.9275232521855843,rpi19,9.7791308219224273,rpi21,23.877199001337183,rpi16,31.405072476188533,rpi12,14.288939585111029-0.07770739404808544,0.11952437143860242
4,rpi9,1.83428307995048284,rpi24,25.1820652204891474,rpi15,28.6107260094727074,rpi18,12.3155519873705764,rpi4,1.86560995456392894,rpi10,14.1247309050927724,rpi13,10.0256510960925934,rpi8,2.29250616938813774,rpi17,6.1970545659030274,rpi19,9.8559465071851664,rpi21,23.0712071180497134,rpi16,22.094167239092394,rpi12,13.966363784427827-0.083780865659914,0.12481090609695243
5,rpi9,2.0557632022091915,rpi24,25.992541202814895,rpi15,29.0790338395798325,rpi18,11.965050081419925,rpi4,2.52158185566036865,rpi10,11.4575394586216765,rpi13,10.0256510960925935,rpi8,2.2782632062881115,rpi17,5.1426519070756065,rpi19,9.265964740577835,rpi21,23.0712071180497135,rpi16,22.094167239092395,rpi12,11.722775269932262-0.079783313328075,0.11824113887846512
6,rpi9,2.3045093281859586,rpi24,26.7227193285654326,rpi15,32.981532204782616,rpi18,12.45669704591686,rpi4,3.5216025039991876,rpi10,11.2107939196558246,rpi13,10.8489358832596556,rpi8,2.71782103129940386,rpi17,5.1426519070756066,rpi19,9.8756377485097666,rpi21,23.0712071180497136,rpi16,22.9446967245935846,rpi12,10.635030678636936-0.0768592183903793,0.11290898069731146
7,rpi9,1.74687880815751177,rpi24,35.656541877905567,rpi15,37.317548431089817,rpi18,10.3161994305897027,rpi4,4.5506003691852277,rpi10,14.2504100417660247,rpi13,11.7398852626928347,rpi8,1.88641722271381657,rpi17,4.0371270776930857,rpi19,9.4918504324300437,rpi21,23.8321498858014537,rpi16,12.218304525544447,rpi12,8.207695423458318-0.07223314899697632,0.10369305886671494
8,rpi9,2.3714183540237788,rpi24,44.985729656914258,rpi15,28.389297997651878,rpi18,10.3161994305897028,rpi4,4.8732226060341158,rpi10,14.2504100417660248,rpi13,11.5096938226939448,rpi8,1.88641722271381658,rpi17,3.57339009745482238,rpi19,7.4661291655909168,rpi21,23.5638393497792658,rpi16,11.386921861241328,rpi12,5.5657065156439485-0.06785142081967166,0.10225506148794145
9,rpi9,2.3714183540237789,rpi24,44.985729656914259,rpi15,28.389297997651879,rpi18,10.3161994305897029,rpi4,3.8137198546487399,rpi10,14.2504100417660249,rpi13,11.5096938226939449,rpi8,1.88641722271381659,rpi17,3.57339009745482239,rpi19,7.4661291655909169,rpi21,24.448333542269999,rpi16,11.386921861241329,rpi12,5.5657065156439485-0.06978040737570765,0.10637176183892587
10,rpi9,1.748492783408149610,rpi24,41.46103151382736510,rpi15,28.3892979976518710,rpi18,8.28881764141530710,rpi4,3.81371985464873910,rpi10,17.29303341598038610,rpi13,12.39992287958654610,rpi8,2.136477768308281610,rpi17,4.54595681958914710,rpi19,7.75627734464007710,rpi21,24.60816681352371310,rpi16,10.99390864922952310,rpi12,8.135403374550863-0.0732017502900958,0.10642970399779134
11,rpi9,2.119976639374979511,rpi24,44.4379886083647111,rpi15,31.5763540333417311,rpi18,8.28881764141530711,rpi4,3.81371985464873911,rpi10,15.30499389337200511,rpi13,12.39992287958654611,rpi8,1.535647169946505311,rpi17,4.54595681958914711,rpi19,7.999824855662879511,rpi21,24.73757776144720211,rpi16,10.92874569976526711,rpi12,7.93438106247503-0.07718734611028955,0.11005164191994295
12,rpi9,2.635189723595094512,rpi24,40.1242883225474312,rpi15,33.44875885601917512,rpi18,6.45467995612174912,rpi4,4.181575862152790512,rpi10,13.38622555290091212,rpi13,12.02317965240236212,rpi8,2.03744987112970612,rpi17,3.9035478602646512,rpi19,6.6851658001056412,rpi21,26.00376917073139212,rpi16,10.63477040994429112,rpi12,5.55970927670506-0.06695066351610167,0.10274949333910131
13,rpi9,2.762251646968459313,rpi24,37.80098194122227513,rpi15,33.44875885601917513,rpi18,6.49234496196986313,rpi4,4.181575862152790513,rpi10,7.93249634188636513,rpi13,13.0171721611239813,rpi8,1.87275612246899713,rpi17,4.712134052864084513,rpi19,8.42351137322696913,rpi21,22.02984231549932713,rpi16,7.87371017897462713,rpi12,6.8228625733815536-0.07349435551516927,0.10871063635744033
14,rpi9,2.762251646968459314,rpi24,24.92955306043242214,rpi15,25.8939963437227914,rpi18,7.66122314763540714,rpi4,3.679256379109083814,rpi10,7.93249634188636514,rpi13,13.0171721611239814,rpi8,1.87275612246899714,rpi17,3.949855968052663314,rpi19,8.3552465597381914,rpi21,16.05644608084701714,rpi16,8.7592139254640314,rpi12,6.8228625733815536-0.07271025585519468,0.10965579466312089
15,rpi9,3.123205087333135415,rpi24,15.3672649394075415,rpi15,26.83297657975128215,rpi18,10.2452004397304515,rpi4,4.16704831138810515,rpi10,7.3785432462084115,rpi13,12.50020217484164915,rpi8,1.474672127262813815,rpi17,3.949855968052663315,rpi19,8.3552465597381915,rpi21,13.04960018136973915,rpi16,9.21474253325277515,rpi12,5.044359854948013-0.07372046548144852,0.11162397022015419
16,rpi9,3.219505486072725516,rpi24,17.83546129405759516,rpi15,26.83297657975128216,rpi18,12.22452327912334116,rpi4,4.20272269203458416,rpi10,7.44356113875044216,rpi13,12.50020217484164916,rpi8,1.783023797791538616,rpi17,3.949855968052663316,rpi19,11.90196281002928416,rpi21,13.04960018136973916,rpi16,9.90486913845068516,rpi12,5.7038203135556635-0.07306876110513402,0.11106587919208154
17,rpi9,2.23861680145760317,rpi24,20.11321037595686417,rpi15,26.83297657975128217,rpi18,9.60318752120225117,rpi4,4.20272269203458417,rpi10,7.165737279235667517,rpi13,13.88880689827441417,rpi8,1.779340287867506617,rpi17,3.949855968052663317,rpi19,10.36779860544239417,rpi21,15.22509052887936917,rpi16,9.90486913845068517,rpi12,5.057553226338691-0.071212746156218,0.10889645421035805
18,rpi9,1.83279548229226718,rpi24,22.16130757808164418,rpi15,21.56733818386171518,rpi18,9.60318752120225118,rpi4,3.291730930767476218,rpi10,7.165737279235667518,rpi13,13.88880689827441418,rpi8,1.857067520386532118,rpi17,3.89310708978415218,rpi19,10.09826881621623918,rpi21,15.36554280893262718,rpi16,9.90486913845068518,rpi12,5.650955798368494-0.0723748870538718,0.11039442054426851
19,rpi9,2.14767976073976419,rpi24,26.56563725701192519,rpi15,23.72695371829125219,rpi18,11.54590041266152219,rpi4,3.775822500483921719,rpi10,7.94384461892005719,rpi13,14.5433870199456919,rpi8,1.96813297705745319,rpi17,4.87300299234664119,rpi19,6.80601216147091819,rpi21,18.12552774617282519,rpi16,9.59153603433481419,rpi12,6.616559323783631-0.07424960682276154,0.11003426040690799
20,rpi9,2.602067334177464320,rpi24,26.56563725701192520,rpi15,23.72695371829125220,rpi18,12.94896520752113220,rpi4,3.775822500483921720,rpi10,7.5501118196344320,rpi13,14.6329688862472120,rpi8,1.874258493667990220,rpi17,5.647814209556698620,rpi19,7.87444821124401920,rpi21,20.27924227846254720,rpi16,9.59153603433481420,rpi12,4.91901173460196-0.0770931797902497,0.11626802437832684
21,rpi9,2.656374434147259521,rpi24,32.3751905425474621,rpi15,26.19447306247620621,rpi18,14.45236609674348421,rpi4,4.35582300437582821,rpi10,8.784566818519721,rpi13,14.89953680978126921,rpi8,1.901934126667054921,rpi17,5.80881093633667221,rpi19,8.12652687825617221,rpi21,15.92307834736922321,rpi16,9.18303759949976221,rpi12,6.017941011877326-0.07871304464232343,0.11371937072322617
22,rpi9,2.700831358160815722,rpi24,23.85781995789596322,rpi15,28.38361668663663222,rpi18,12.20749784695964722,rpi4,3.053971244307461622,rpi10,9.2369649063912922,rpi13,14.24748518241371722,rpi8,1.916281918397273522,rpi17,5.80881093633667222,rpi19,8.30079752234183122,rpi21,13.27076849703068522,rpi16,7.44136240291337322,rpi12,7.7030832200761346-0.08156381069814948,0.11947922847188179
23,rpi9,2.862420335794745523,rpi24,23.85781995789596323,rpi15,24.60961309663242223,rpi18,12.69933736312980223,rpi4,3.053971244307461623,rpi10,9.2369649063912923,rpi13,14.24748518241371723,rpi8,1.916281918397273523,rpi17,5.80881093633667223,rpi19,9.0250155946771123,rpi21,13.27076849703068523,rpi16,7.44136240291337323,rpi12,7.764394381052479-0.0822802570777511,0.12047521142299311
24,rpi9,2.74253842697530624,rpi24,23.85781995789596324,rpi15,24.60961309663242224,rpi18,13.9955747356171324,rpi4,3.591993228492620424,rpi10,9.2369649063912924,rpi13,15.07152519843073424,rpi8,1.927958426173395724,rpi17,5.94152296932918224,rpi19,9.71184976366632424,rpi21,15.41385478785475124,rpi16,5.97957863764386624,rpi12,7.8143632207708515-0.07922552035437908,0.11676759582942631
25,rpi9,3.028546868611187425,rpi24,23.85781995789596325,rpi15,28.2646531638039325,rpi18,11.72562289845017225,rpi4,3.974428843264758525,rpi10,9.2369649063912925,rpi13,15.40727247968688725,rpi8,1.42520741460478225,rpi17,6.33743321942896925,rpi19,9.58455896456316725,rpi21,12.04830719598396425,rpi16,4.89268539978030625,rpi12,7.888819543737354-0.0794091951033393,0.11633953156031539
26,rpi9,3.068974630367211626,rpi24,28.3881961564065626,rpi15,31.5860216324572526,rpi18,11.72562289845017226,rpi4,4.04662969046654526,rpi10,8.58587698318910426,rpi13,14.9754751411244526,rpi8,1.117036505066630726,rpi17,6.52124261606238326,rpi19,7.7417798715909926,rpi21,13.96107489083368226,rpi16,7.89676648643381426,rpi12,7.915951078261554-0.08637425228805569,0.11871105703337889
27,rpi9,2.127200104479840527,rpi24,28.3881961564065627,rpi15,41.50457229189227,rpi18,12.55781639154308127,rpi4,4.04662969046654527,rpi10,8.03561983452893927,rpi13,15.32867048494934227,rpi8,1.10866290018616327,rpi17,6.82624394835102927,rpi19,8.5885541697219127,rpi21,13.96107489083368227,rpi16,8.36779712688051127,rpi12,9.02617944824051-0.0853944879604679,0.11671960059223478
28,rpi9,2.127200104479840528,rpi24,30.6221317358372628,rpi15,41.50457229189228,rpi18,13.28336149676467328,rpi4,3.19260671983979428,rpi10,8.34013884884880428,rpi13,15.98098672525747328,rpi8,1.387179339227441628,rpi17,6.82624394835102928,rpi19,7.07597880990218928,rpi21,17.92138910426349328,rpi16,8.76866199002124528,rpi12,9.02617944824051-0.0837063310058951,0.11795745465275718
29,rpi9,1.72334132386304429,rpi24,34.83226498148635429,rpi15,48.40401684197462429,rpi18,14.10713113550570329,rpi4,2.46046016818097229,rpi10,8.34013884884880429,rpi13,16.9076353442492829,rpi8,1.841053639670654729,rpi17,6.82624394835102929,rpi19,8.08414404769344229,rpi21,19.02113311980853229,rpi16,8.14919766767130229,rpi12,9.135902951824194-0.08253546736708943,0.11987600576255121
30,rpi9,1.948016263354548130,rpi24,38.62745775987000530,rpi15,48.40401684197462430,rpi18,15.09237437815768830,rpi4,3.02352156825485730,rpi10,6.54897756168367330,rpi13,16.50692956215821330,rpi8,1.787630851725743530,rpi17,6.82624394835102930,rpi19,9.00823363993005830,rpi21,20.58676324644844530,rpi16,8.21030725257351630,rpi12,6.227624693273167-0.08093539544526422,0.1201299436468074
31,rpi9,2.523717687363663831,rpi24,30.2650094746024731,rpi15,41.343298465005431,rpi18,18.71850267980381231,rpi4,4.299207091280381531,rpi10,7.537181451016231,rpi13,12.60858732888064531,rpi8,1.682468022004548731,rpi17,7.246786116417756531,rpi19,10.8323233423382231,rpi21,23.60622064295123231,rpi16,8.33546063351950131,rpi12,8.093362400952397-0.08389751448913021,0.11756664208140892
32,rpi9,2.70781021502252932,rpi24,30.1510176795154832,rpi15,39.0502751391632232,rpi18,18.35558429603774832,rpi4,5.48117046539235532,rpi10,8.4810977219587432,rpi13,10.76132107294286832,rpi8,1.682468022004548732,rpi17,8.14547387116213232,rpi19,10.8323233423382232,rpi21,23.92344713578123532,rpi16,10.44236173724056532,rpi12,7.91273415701556-0.08484620729600668,0.11472415863084127
33,rpi9,2.930557093095333,rpi24,34.32599039402068533,rpi15,39.97599466996551633,rpi18,16.56772490530411833,rpi4,6.4273815525719433,rpi10,9.97364830638996533,rpi13,8.15336170359018633,rpi8,1.842510452310860633,rpi17,9.3655456253569433,rpi19,10.8323233423382233,rpi21,21.60158122587446533,rpi16,12.76739439177966633,rpi12,7.768281069988763-0.08391560136110796,0.11301482462525207
34,rpi9,1.533352473540017234,rpi24,34.32599039402068534,rpi15,44.66212912358627634,rpi18,23.60145210622492234,rpi4,6.0881323751955634,rpi10,10.38106001126349734,rpi13,7.8420424971287534,rpi8,2.309664408176330234,rpi17,7.76294424767572534,rpi19,10.93900632334959734,rpi21,21.60158122587446534,rpi16,12.61187845847277334,rpi12,10.740770878678926-0.07645135278162771,0.10463815509244549
35,rpi9,1.620294378196145435,rpi24,34.32599039402068535,rpi15,39.7430534319382635,rpi18,25.59235253716826735,rpi4,6.0881323751955635,rpi10,10.48123400930676635,rpi13,7.8420424971287535,rpi8,2.04219303749219935,rpi17,7.12290150459547735,rpi19,11.51972245106915535,rpi21,21.60158122587446535,rpi16,12.21763179079390435,rpi12,6.859235382218599-0.07657366776374007,0.10597205351101531
36,rpi9,1.018018937728575536,rpi24,34.32599039402068536,rpi15,39.7430534319382636,rpi18,25.59235253716826736,rpi4,5.82868098674527736,rpi10,11.95163636043124136,rpi13,11.2021331005802336,rpi8,2.04219303749219936,rpi17,8.60846169188719136,rpi19,11.51972245106915536,rpi21,21.60158122587446536,rpi16,11.39475568770337536,rpi12,5.258298630097544-0.07424772492830083,0.10333777795900978
37,rpi9,1.41466506929931237,rpi24,37.2628580350586337,rpi15,39.61949945865184537,rpi18,32.7636637266290337,rpi4,5.62665999733695537,rpi10,10.7329218680922837,rpi13,6.54315338692605837,rpi8,1.796371289966371537,rpi17,8.72449786970374537,rpi19,11.51972245106915537,rpi21,21.60158122587446537,rpi16,12.2842860277202237,rpi12,6.311063162413371-0.07591412004237069,0.10776086982415237
38,rpi9,1.585163786802697338,rpi24,39.8761645688939138,rpi15,39.52093289442106538,rpi18,34.88952315698228538,rpi4,4.55873187552581538,rpi10,10.52691909627496638,rpi13,6.2438742724465138,rpi8,2.459815911293650638,rpi17,8.72449786970374538,rpi19,12.28187397958046238,rpi21,15.90049582630124438,rpi16,11.4441276820170338,rpi12,8.275895970579812-0.07513350633777069,0.11023496586491646
39,rpi9,1.70021887379171439,rpi24,28.6554651955919139,rpi15,38.6606721237050239,rpi18,30.74438780182839539,rpi4,4.51664601361335839,rpi10,10.5989337876401739,rpi13,5.521213244086248539,rpi8,2.70315535789588339,rpi17,8.72449786970374539,rpi19,15.50593817158582739,rpi21,18.26537250796615239,rpi16,10.57501118776521739,rpi12,8.945255684471913-0.07207439569026963,0.11117139758433907
40,rpi9,2.23772694865869840,rpi24,32.2921503085535240,rpi15,39.6566039511714140,rpi18,23.79697768583495740,rpi4,4.51664601361335840,rpi10,10.65729560790744740,rpi13,5.521213244086248540,rpi8,3.72939750817152840,rpi17,10.12493753969508240,rpi19,15.97115145847919740,rpi21,19.4895955633655640,rpi16,10.57501118776521740,rpi12,8.416069655996196-0.06973942340718768,0.11382948834655048
41,rpi9,2.297955979470150741,rpi24,36.54640534364871541,rpi15,27.9996379701882641,rpi18,29.36123208200452741,rpi4,4.51664601361335841,rpi10,10.70453416742130241,rpi13,5.23750722202164541,rpi8,3.76866736872057941,rpi17,11.14586766070816841,rpi19,17.04626030948671641,rpi21,22.40648897287119541,rpi16,10.70346453395417941,rpi12,10.715000971097727-0.06818843640288838,0.114409083840286
42,rpi9,2.24803587571309342,rpi24,36.68116520317328642,rpi15,27.9996379701882642,rpi18,29.36123208200452742,rpi4,4.51664601361335842,rpi10,12.01297710201550542,rpi13,5.23750722202164542,rpi8,3.76866736872057942,rpi17,11.14586766070816842,rpi19,17.04626030948671642,rpi21,24.592294297607442,rpi16,9.91721128012701742,rpi12,11.28829021811852-0.06811413438640776,0.11399039659813495
43,rpi9,2.825881786999236343,rpi24,36.1978248885711343,rpi15,35.9316819006474143,rpi18,35.1997145825412843,rpi4,5.281181675765937643,rpi10,11.41318580346762343,rpi13,5.46512080419079943,rpi8,3.620858702871589543,rpi17,11.23287964789896543,rpi19,18.18343797960423643,rpi21,23.06807689133935643,rpi16,9.41960458032470543,rpi12,8.018010044492659-0.06813962862754845,0.1137083621661826
44,rpi9,3.448924898430460644,rpi24,39.8089012472008544,rpi15,35.9316819006474144,rpi18,25.99738661779557344,rpi4,5.281181675765937644,rpi10,11.41318580346762344,rpi13,5.46512080419079944,rpi8,3.620858702871589544,rpi17,10.65011525436336444,rpi19,18.18343797960423644,rpi21,21.4291432430329344,rpi16,9.41960458032470544,rpi12,6.385902344791217-0.06727155251827212,0.11694191014975809
45,rpi9,3.194557843436603845,rpi24,40.1856092954337945,rpi15,37.4008986220237545,rpi18,35.48303144016020445,rpi4,5.281181675765937645,rpi10,11.06309256222718345,rpi13,6.535514958859617545,rpi8,4.50527251016235845,rpi17,14.27852828364253545,rpi19,18.2303738002431245,rpi21,24.2745813244252445,rpi16,9.23362691108977945,rpi12,9.670177724892685-0.0722476323952335,0.11382559224597272
46,rpi9,2.270082046193553446,rpi24,43.0078038557103146,rpi15,39.51897116021502446,rpi18,46.13202774447576446,rpi4,5.832904771853681546,rpi10,12.06516563824338446,rpi13,5.85361089594659546,rpi8,4.58762591376673646,rpi17,14.27852828364253546,rpi19,18.60807195177727346,rpi21,26.8227777421572246,rpi16,9.08325687469618446,rpi12,9.160017207445668-0.0656583261647892,0.1063263099217149
47,rpi9,1.752184646393143647,rpi24,43.73011288890826647,rpi15,41.2994724094095247,rpi18,46.3828151504846547,rpi4,5.832904771853681547,rpi10,11.33531816248982547,rpi13,5.48452575620459747,rpi8,4.10217091497758947,rpi17,13.6945181808329247,rpi19,18.60807195177727347,rpi21,27.1187970514762747,rpi16,8.52371045937199847,rpi12,11.909664038823996-0.06501654074456524,0.10450214725599205
48,rpi9,1.842385247910101748,rpi24,33.9753431145621248,rpi15,42.7814601302777748,rpi18,46.3828151504846548,rpi4,5.832904771853681548,rpi10,11.001648913147948,rpi13,7.353790687137621548,rpi8,4.34121376396370748,rpi17,13.6945181808329248,rpi19,14.55150912905177348,rpi21,21.7645117396168148,rpi16,8.70169851310539948,rpi12,14.819779094432631-0.07152841400631348,0.10309419587932907
49,rpi9,1.466494028039206749,rpi24,33.9753431145621249,rpi15,44.0052489600559849,rpi18,44.6760875990440149,rpi4,6.46260941463516749,rpi10,11.74302708387917749,rpi13,7.91423626917338849,rpi8,2.910967583343877549,rpi17,12.64845283181502349,rpi19,13.69041676755031749,rpi21,23.4759675827438849,rpi16,6.38533223594824349,rpi12,15.344772721560227-0.07228869276384617,0.10170485916989265
50,rpi9,1.611152413522701650,rpi24,35.3614178013885750,rpi15,28.91630978132314750,rpi18,41.51189649734056550,rpi4,8.72009189584337350,rpi10,11.5749089989550850,rpi13,9.69040140780436850,rpi8,3.337502529868525750,rpi17,11.59925041381712850,rpi19,13.51732434043628650,rpi21,23.28209645987029250,rpi16,7.5045705028567850,rpi12,11.788050153662864-0.07304900249885905,0.09897180856519514
51,rpi9,1.71913359198013851,rpi24,35.3614178013885751,rpi15,28.91630978132314751,rpi18,41.51189649734056551,rpi4,8.72009189584337351,rpi10,10.69935643731836651,rpi13,9.69040140780436851,rpi8,3.442022485706307351,rpi17,11.59925041381712851,rpi19,13.51732434043628651,rpi21,23.28209645987029251,rpi16,7.84458683791741951,rpi12,11.788050153662864-0.07340151224720266,0.09926095630683528
52,rpi9,1.850825240146390552,rpi24,38.19680293967860552,rpi15,20.29617949179506252,rpi18,41.6663706583678552,rpi4,9.55249566736365352,rpi10,12.27227958533503152,rpi13,10.82114991746205752,rpi8,2.43090700645770652,rpi17,10.23941515258900752,rpi19,15.2677971169354552,rpi21,22.0933710583939452,rpi16,7.958673088108652,rpi12,12.976508005543815-0.0777152921523317,0.10298710748485153
53,rpi9,2.02265566703542453,rpi24,40.66887057154574653,rpi15,20.29617949179506253,rpi18,37.5983311005698153,rpi4,9.55249566736365353,rpi10,8.58892046782400253,rpi13,8.367943343571253,rpi8,2.88787361437071253,rpi17,10.23941515258900753,rpi19,15.0913349405879553,rpi21,21.83874470491750253,rpi16,6.08021403732424953,rpi12,12.976508005543815-0.07220917142621269,0.1021621776811334
54,rpi9,2.101411384957736554,rpi24,40.66887057154574654,rpi15,26.79446862707234854,rpi18,36.861640289323954,rpi4,9.37116273103925654,rpi10,7.86926108650968754,rpi13,7.13337384156788354,rpi8,2.165012481349091654,rpi17,10.23941515258900754,rpi19,15.0913349405879554,rpi21,21.83874470491750254,rpi16,5.58560679456383854,rpi12,13.393954785367912-0.07262684172874696,0.10562322882369965
55,rpi9,3.393757840826026555,rpi24,42.7781288867676955,rpi15,19.9181452567400955,rpi18,36.25051956600215455,rpi4,9.37116273103925655,rpi10,7.86926108650968755,rpi13,7.13337384156788355,rpi8,3.295322943950411755,rpi17,10.02351676980173455,rpi19,14.95020133683246255,rpi21,22.08013530038096755,rpi16,5.58560679456383855,rpi12,9.60375412513767-0.06751789691491271,0.10637927101393278
56,rpi9,2.764487020947033456,rpi24,38.9276401260094856,rpi15,23.3291607787988856,rpi18,38.0913875958100656,rpi4,9.37116273103925656,rpi10,7.86926108650968756,rpi13,7.548071195340452556,rpi8,3.199350628164609656,rpi17,15.05542007405217456,rpi19,14.18472185827552556,rpi21,25.5095374913902156,rpi16,6.170449941862016556,rpi12,7.1263893319538045-0.07022814051882206,0.10564205375824887
57,rpi9,2.78658726062608757,rpi24,38.9276401260094857,rpi15,23.3291607787988857,rpi18,38.0913875958100657,rpi4,8.61261003682363857,rpi10,7.86926108650968757,rpi13,7.20225991803889657,rpi8,2.99585606584748457,rpi17,15.66586220092117957,rpi19,13.59677924833778657,rpi21,25.5095374913902157,rpi16,6.99384411000850657,rpi12,7.1263893319538045-0.07267092019725356,0.10739383235518128
58,rpi9,1.917427736043409858,rpi24,39.46973686052225458,rpi15,24.58982479469749558,rpi18,32.1065628338188258,rpi4,7.01144976653206958,rpi10,7.86926108650968758,rpi13,7.58822196043956658,rpi8,2.742529402406497258,rpi17,15.66586220092117958,rpi19,13.35662021129341858,rpi21,18.08641783333352758,rpi16,5.8373527866349758,rpi12,9.1266928823556-0.07151689750259987,0.10453268670843298
59,rpi9,1.97973121231614359,rpi24,35.649353266526359,rpi15,26.98387693356716459,rpi18,41.30825452444524659,rpi4,7.57141426903276359,rpi10,10.21100334769072859,rpi13,5.61451208070403759,rpi8,2.927456609936768559,rpi17,13.4512746940137159,rpi19,14.1642237382081459,rpi21,18.89194987399683659,rpi16,10.28974205803149859,rpi12,9.297634233202434-0.06887908972597906,0.10504363503330945
60,rpi9,1.646233258934135560,rpi24,32.84786941049280560,rpi15,33.5124965582183860,rpi18,33.9773183476032860,rpi4,7.57141426903276360,rpi10,10.21100334769072860,rpi13,6.09045328631766160,rpi8,2.927456609936768560,rpi17,13.4512746940137160,rpi19,12.7127083882124560,rpi21,18.89194987399683660,rpi16,14.0244459027795160,rpi12,9.297634233202434-0.07060366907542455,0.10281558617871438
61,rpi9,1.736146547771187561,rpi24,27.44759595508909661,rpi15,32.2634307149583361,rpi18,39.61230219115072561,rpi4,7.57141426903276361,rpi10,10.21100334769072861,rpi13,6.09045328631766161,rpi8,2.96375758509491761,rpi17,12.46840077161419761,rpi19,16.98910433390840861,rpi21,23.49666329590321561,rpi16,14.0244459027795161,rpi12,10.6973891423011-0.070737472909757,0.1031706091110934
62,rpi9,1.823346645509811762,rpi24,27.44759595508909662,rpi15,32.2634307149583362,rpi18,40.0986873842250862,rpi4,9.57285779184099262,rpi10,12.1500598395736962,rpi13,6.09045328631766162,rpi8,3.18769483337728162,rpi17,11.46696805605780962,rpi19,21.49416746393996362,rpi21,23.49666329590321562,rpi16,14.0244459027795162,rpi12,11.510163597955605-0.06961211971137996,0.1018155668777671
63,rpi9,1.936861001967426863,rpi24,20.29477237047045463,rpi15,33.9498664202691363,rpi18,36.57821360935021563,rpi4,9.17346241411508863,rpi10,11.61883899128062463,rpi13,7.27002249343438863,rpi8,2.155780680360357463,rpi17,11.46696805605780963,rpi19,21.49416746393996363,rpi21,23.2972658125094963,rpi16,13.2202739127181963,rpi12,11.014116964454503-0.07797956978340974,0.10533845530282956
64,rpi9,2.004490063518401364,rpi24,23.32796821604595664,rpi15,32.148081161296264,rpi18,37.8736554925342864,rpi4,9.2838182299356964,rpi10,11.47176354537105264,rpi13,7.27002249343438864,rpi8,2.167337667663467564,rpi17,10.2413894675725864,rpi19,21.49416746393996364,rpi21,26.91380931488831564,rpi16,11.13076961371369264,rpi12,11.442036998395942-0.07805532214165672,0.10551905882310061
65,rpi9,2.004490063518401365,rpi24,19.04015533700897265,rpi15,32.148081161296265,rpi18,37.8736554925342865,rpi4,9.2838182299356965,rpi10,11.47176354537105265,rpi13,9.8725332174802165,rpi8,2.167337667663467565,rpi17,10.2413894675725865,rpi19,21.49416746393996365,rpi21,20.62909314833922365,rpi16,11.13076961371369265,rpi12,11.442036998395942-0.08017004082675036,0.10513371071482921
66,rpi9,2.136856715426223566,rpi24,30.50590324492029766,rpi15,31.93411674753217666,rpi18,37.8736554925342866,rpi4,9.3730579685774366,rpi10,11.47176354537105266,rpi13,9.8725332174802166,rpi8,2.046008387845937666,rpi17,9.79686459773453766,rpi19,16.64987478481948866,rpi21,24.6651697955600566,rpi16,10.34254060414252466,rpi12,11.42542216723229-0.0811556318502686,0.10620250654228026
67,rpi9,1.695562013708780867,rpi24,30.50590324492029767,rpi15,31.76203863816402567,rpi18,35.57885157147019667,rpi4,9.3730579685774367,rpi10,10.36724398757310467,rpi13,9.8725332174802167,rpi8,2.033679263734142367,rpi17,9.45517746512884867,rpi19,16.64987478481948867,rpi21,24.21961792075950767,rpi16,12.14421112968012867,rpi12,11.17498929803907-0.07920409477671016,0.1041566293471615
68,rpi9,1.682961807283402768,rpi24,28.97291182955083568,rpi15,22.4023917464210368,rpi18,33.7651226260973768,rpi4,9.44506698639788368,rpi10,7.58631122794528968,rpi13,10.73353762330636868,rpi8,2.023687300202119468,rpi17,7.13404341008632868,rpi19,16.64987478481948868,rpi21,23.8689783241818668,rpi16,12.9405062491603568,rpi12,11.934796779175304-0.07747027757183042,0.10419051163022557
69,rpi9,1.741991606622597869,rpi24,28.97291182955083569,rpi15,22.4023917464210369,rpi18,34.0477551849404369,rpi4,9.44506698639788369,rpi10,8.34688681623488469,rpi13,8.70551175618620369,rpi8,2.230198904470444469,rpi17,5.43836807913767269,rpi19,20.3313289687575769,rpi21,26.47079983698536869,rpi16,14.87334895363873469,rpi12,12.076288468420241-0.0727146096404872,0.10008803043396707
70,rpi9,1.804315349938633770,rpi24,28.97291182955083570,rpi15,23.9094185502001970,rpi18,27.0621575000956870,rpi4,9.81728111616694870,rpi10,8.4085211249203170,rpi13,10.40005042680209870,rpi8,2.182451650373600270,rpi17,5.90438785848225370,rpi19,20.3313289687575770,rpi21,27.46082947256017870,rpi16,14.58510551087865270,rpi12,12.938013148747773-0.07499051246682645,0.10145516597483147
71,rpi9,1.568521892755323571,rpi24,26.91545955676978671,rpi15,25.78429205703129871,rpi18,29.95951584954458771,rpi4,7.78561603475575271,rpi10,8.4085211249203171,rpi13,12.5553364760678871,rpi8,2.42925828403468471,rpi17,5.90438785848225371,rpi19,20.3313289687575771,rpi21,23.42484558886599571,rpi16,15.67940575616833471,rpi12,10.968450984709174-0.07346429014521745,0.1001246880075794
72,rpi9,1.6432621676070872,rpi24,31.49208677975829272,rpi15,19.390283972425872,rpi18,32.56668828832880572,rpi4,7.78561603475575272,rpi10,8.4085211249203172,rpi13,12.5553364760678872,rpi8,2.42925828403468472,rpi17,7.24002228217359172,rpi19,20.3313289687575772,rpi21,23.42484558886599572,rpi16,16.62871698158908672,rpi12,10.968450984709174-0.07623228690288429,0.1024289166630297
73,rpi9,1.44955618113058273,rpi24,34.8948352012287773,rpi15,15.7967351045840973,rpi18,39.48239690831897573,rpi4,7.78561603475575273,rpi10,8.4085211249203173,rpi13,12.5553364760678873,rpi8,2.42925828403468473,rpi17,7.08911337882454773,rpi19,20.3313289687575773,rpi21,26.073719515836973,rpi16,16.62871698158908673,rpi12,12.010751436620696-0.07521614723983766,0.10124243893535015
74,rpi9,1.539282308330045574,rpi24,36.1750317773619174,rpi15,17.2724469873563274,rpi18,39.48239690831897574,rpi4,7.78561603475575274,rpi10,8.4085211249203174,rpi13,12.5553364760678874,rpi8,2.544219915614422574,rpi17,8.9799421272525174,rpi19,24.4361405255211974,rpi21,27.7627441920212374,rpi16,16.62871698158908674,rpi12,8.52569059926018-0.07624421879304949,0.10243460145200069
75,rpi9,1.849171528180396775,rpi24,39.895796229939575,rpi15,15.0793664300608875,rpi18,39.9896989314287975,rpi4,7.78561603475575275,rpi10,8.93965083707999775,rpi13,9.87666100657846475,rpi8,2.099854756478137675,rpi17,8.65236962850467675,rpi19,24.4361405255211975,rpi21,29.8723860518245575,rpi16,16.62871698158908675,rpi12,6.482924999949694-0.07814431447528994,0.10596014793140143
76,rpi9,1.92806974677051276,rpi24,35.8873763897217776,rpi15,17.27687458373542776,rpi18,40.7632230153066976,rpi4,8.72437622059188676,rpi10,8.28600433535032976,rpi13,9.90627761706524376,rpi8,1.981280889557463476,rpi17,6.32130057141540776,rpi19,23.5464853253840376,rpi21,31.67494945617086876,rpi16,24.42601332021054776,rpi12,6.1148598914038725-0.0758453199138789,0.10481387909302581
77,rpi9,1.92806974677051277,rpi24,33.74064400685977,rpi15,17.27687458373542777,rpi18,41.0497165786271877,rpi4,8.72437622059188677,rpi10,8.28600433535032977,rpi13,9.90627761706524377,rpi8,1.939693718849694377,rpi17,6.50796416441982377,rpi19,23.5464853253840377,rpi21,31.67494945617086877,rpi16,24.42601332021054777,rpi12,6.552967441219186-0.07688506216209105,0.10510414282950739
78,rpi9,1.92806974677051278,rpi24,37.7331180372911678,rpi15,19.8792032926225878,rpi18,39.5981103922986578,rpi4,8.71540369456083478,rpi10,8.95727947824064278,rpi13,10.517884459437878,rpi8,2.610468333309159478,rpi17,8.98578705115100978,rpi19,23.5464853253840378,rpi21,33.96821646780169678,rpi16,24.87268950953373578,rpi12,6.552967441219186-0.07640455985625197,0.10403987675891291
79,rpi9,2.079369654854570479,rpi24,37.7331180372911679,rpi15,16.8740441081399779,rpi18,40.08828244784097479,rpi4,8.71540369456083479,rpi10,8.69442568967424279,rpi13,10.517884459437879,rpi8,2.48151073162738679,rpi17,8.23464531462974179,rpi19,23.5464853253840379,rpi21,29.19834229594339879,rpi16,25.2409896556761179,rpi12,8.444333627647698-0.07821737130865547,0.10453251196821679
80,rpi9,2.079369654854570480,rpi24,34.3224400659896280,rpi15,18.20854920204656680,rpi18,40.4922107045768880,rpi4,8.71540369456083480,rpi10,8.29645801934027680,rpi13,10.517884459437880,rpi8,2.331779043979508580,rpi17,7.858070453446182580,rpi19,23.5464853253840380,rpi21,29.19834229594339880,rpi16,25.2409896556761180,rpi12,6.811484616680144-0.07758836935350281,0.10549758288132
81,rpi9,2.079369654854570481,rpi24,38.2527378545442281,rpi15,20.7357751639367381,rpi18,39.9807717795798481,rpi4,9.54838686381205981,rpi10,10.77988619544594781,rpi13,12.09881167040227981,rpi8,2.79237435177915681,rpi17,7.858070453446182581,rpi19,26.8559718453301481,rpi21,29.7020590006055781,rpi16,24.9653537056983281,rpi12,7.773521838542609-0.07669738325818312,0.10244920873033221
82,rpi9,2.311122058680641482,rpi24,38.2527378545442282,rpi15,20.7357751639367382,rpi18,39.5647479604722382,rpi4,9.54838686381205982,rpi10,11.84653497026513482,rpi13,10.03215360774907282,rpi8,2.79237435177915682,rpi17,7.92597566537257982,rpi19,26.8559718453301482,rpi21,29.7020590006055782,rpi16,24.9653537056983282,rpi12,8.319681965534079-0.07761826904839993,0.10331589666481662
83,rpi9,2.216459616873460783,rpi24,27.56322431008154483,rpi15,21.9723354206620483,rpi18,39.5647479604722383,rpi4,9.54838686381205983,rpi10,11.84653497026513483,rpi13,10.03215360774907283,rpi8,2.79237435177915683,rpi17,7.92597566537257983,rpi19,26.8559718453301483,rpi21,29.7020590006055783,rpi16,24.9653537056983283,rpi12,8.099367492414295-0.07720838261426187,0.10297345930814528
84,rpi9,2.081598358349303684,rpi24,27.56322431008154484,rpi15,22.4905966086233984,rpi18,41.7763338847779984,rpi4,6.78647112033204384,rpi10,11.84653497026513484,rpi13,10.03215360774907284,rpi8,2.79237435177915684,rpi17,6.37431835997399584,rpi19,23.15968767676107784,rpi21,30.11128192956648484,rpi16,31.13516379423741884,rpi12,8.099367492414295-0.07498979230975328,0.10264032881104648
85,rpi9,2.25031226218232485,rpi24,27.31895077027201885,rpi15,25.12469398986567685,rpi18,41.7763338847779985,rpi4,6.78647112033204385,rpi10,11.84653497026513485,rpi13,11.12539242116285485,rpi8,2.852660547035686785,rpi17,6.37431835997399585,rpi19,26.5024582290718785,rpi21,30.4427159969311985,rpi16,23.9994298191030585,rpi12,8.97000067037995-0.07558675562824191,0.10294287937373109
86,rpi9,2.16863229501013686,rpi24,31.1097821512969286,rpi15,25.62008844802698386,rpi18,44.6462249430623686,rpi4,6.78647112033204386,rpi10,12.77535781009252486,rpi13,14.8679903615347386,rpi8,2.242202130221585886,rpi17,6.70420059299066486,rpi19,26.5024582290718786,rpi21,31.425827110339586,rpi16,23.9751172112406986,rpi12,8.978214868733792-0.07875438126976887,0.10548216052331486
87,rpi9,2.16863229501013687,rpi24,30.0966096775321987,rpi15,25.62008844802698387,rpi18,52.468754889502587,rpi4,6.80793192207524787,rpi10,12.77535781009252487,rpi13,14.17755867631492487,rpi8,2.33680492204108487,rpi17,6.98035644644318887,rpi19,26.5024582290718787,rpi21,32.2351261044206987,rpi16,23.9751172112406987,rpi12,9.762770989508345-0.07893749231836848,0.105444727513875
88,rpi9,2.14668623891182688,rpi24,31.40610372936591788,rpi15,30.57486159579991388,rpi18,37.3587868368966788,rpi4,7.65794359835170988,rpi10,8.36755273496438688,rpi13,8.84058822756534188,rpi8,2.33680492204108488,rpi17,6.98035644644318888,rpi19,26.5024582290718788,rpi21,32.2351261044206988,rpi16,18.9289652085336188,rpi12,10.681628215137675-0.07758500764421052,0.10510937603332926
89,rpi9,1.523762438194079389,rpi24,31.40610372936591789,rpi15,27.3395649746990689,rpi18,28.7914934903967489,rpi4,7.65794359835170989,rpi10,10.60666290284815789,rpi13,4.86528117485486589,rpi8,2.46939963712687889,rpi17,7.00038078502417789,rpi19,24.554377416793489,rpi21,32.2351261044206989,rpi16,20.29090877740914789,rpi12,6.142682392478708-0.06441489301794223,0.10398056218040144
90,rpi9,1.523762438194079390,rpi24,12.69547629458035290,rpi15,22.95337879864803690,rpi18,28.7914934903967490,rpi4,7.65794359835170990,rpi10,9.32975867896073790,rpi13,6.38096489425059790,rpi8,2.46939963712687890,rpi17,7.00038078502417790,rpi19,18.2971105997518390,rpi21,28.00035250321039790,rpi16,18.68276704889034890,rpi12,4.8149747205001985-0.06872979907557564,0.10381876604184331
91,rpi9,1.523762438194079391,rpi24,13.30133891392080391,rpi15,22.95337879864803691,rpi18,28.39887413078132391,rpi4,8.22223207507596991,rpi10,9.19171030911794691,rpi13,4.76965830270346491,rpi8,2.819069809291288591,rpi17,6.01031634684981291,rpi19,17.4343600465825491,rpi21,27.43031526117588591,rpi16,13.48349154581236991,rpi12,5.135960645051858-0.05991747050576956,0.1024428356117371
92,rpi9,2.165289605978397792,rpi24,9.70181591504691192,rpi15,23.8329224098496292,rpi18,26.90484766747948392,rpi4,8.90618648642416592,rpi10,9.5108002986836292,rpi13,3.57760057054504692,rpi8,3.66484061814964592,rpi17,7.51480758412796392,rpi19,14.1644542752045392,rpi21,25.1816764325426592,rpi16,11.09897983397526692,rpi12,5.680892324261167-0.04741329815971021,0.10708302290507603
93,rpi9,3.03887899415587893,rpi24,8.3884635925750793,rpi15,21.8898023038764893,rpi18,26.90484766747948393,rpi4,8.90618648642416593,rpi10,9.5108002986836293,rpi13,3.07661732215685393,rpi8,3.66484061814964593,rpi17,9.19463072969925893,rpi19,14.1644542752045393,rpi21,25.1816764325426593,rpi16,8.58715836048840493,rpi12,6.171750489545791-0.03857226605469924,0.11255776745975667
94,rpi9,3.62098134967976394,rpi24,8.57250076216501994,rpi15,22.9452857955644294,rpi18,27.4564072068071894,rpi4,8.65871465112417894,rpi10,10.96664159101040894,rpi13,3.130824939949085394,rpi8,3.800897458921235694,rpi17,7.64940109369488694,rpi19,15.93895620840598594,rpi21,19.55994869851454694,rpi16,6.0935914158057694,rpi12,8.124806401369854-0.033688706459235634,0.11132299384319988
95,rpi9,3.62098134967976395,rpi24,8.57250076216501995,rpi15,22.9452857955644295,rpi18,27.4564072068071895,rpi4,8.65871465112417895,rpi10,10.96664159101040895,rpi13,3.130824939949085395,rpi8,3.800897458921235695,rpi17,7.64940109369488695,rpi19,15.93895620840598595,rpi21,19.55994869851454695,rpi16,6.96085782130301295,rpi12,8.124806401369854-0.034558051203002885,0.11212631159391051
96,rpi9,4.18597414441894196,rpi24,10.78322881265110596,rpi15,21.58459089870603696,rpi18,27.4564072068071896,rpi4,8.65871465112417896,rpi10,10.96664159101040896,rpi13,3.8422146378750396,rpi8,3.800897458921235696,rpi17,7.64940109369488696,rpi19,15.93895620840598596,rpi21,27.37633680708576496,rpi16,6.60623982959311196,rpi12,9.569832743349075-0.04070749090343802,0.11126762550928028
97,rpi9,4.820584552342694597,rpi24,7.78358785820907797,rpi15,18.0225009617852297,rpi18,27.4564072068071897,rpi4,8.65871465112417897,rpi10,11.4698812123417297,rpi13,3.333230121539431897,rpi8,3.800897458921235697,rpi17,7.93783280098906897,rpi19,12.59720861611752297,rpi21,16.1741033771549197,rpi16,6.33602867612026697,rpi12,11.917579670743555-0.030408841652049205,0.11556702350866978
98,rpi9,4.820584552342694598,rpi24,8.07273122549985398,rpi15,18.57897013929842398,rpi18,19.04500331553555398,rpi4,8.65871465112417898,rpi10,11.09550660093646298,rpi13,3.57678008043373698,rpi8,3.800897458921235698,rpi17,7.12133731671648198,rpi19,15.19565613392532998,rpi21,15.40125713112151898,rpi16,7.18296998659124898,rpi12,11.092541261380976-0.03398759839643678,0.11450961624753249
99,rpi9,6.00642406457774799,rpi24,9.7462730229122799,rpi15,16.42380755225165299,rpi18,19.04500331553555399,rpi4,8.65871465112417899,rpi10,14.91480943861419699,rpi13,3.372824862531161699,rpi8,3.800897458921235699,rpi17,6.68111959678930399,rpi19,15.19565613392532999,rpi21,17.39982728284396599,rpi16,7.254125228036393599,rpi12,12.36450371470206-0.02902366751450234,0.11549841437707352
100,rpi9,6.051927055782293100,rpi24,7.308944431185144100,rpi15,11.153717441815656100,rpi18,21.818115568166526100,rpi4,8.658714651124178100,rpi10,11.604203430181132100,rpi13,3.3728248625311616100,rpi8,4.094293531108084100,rpi17,7.226758092401644100,rpi19,15.735319509479353100,rpi21,17.399827282843965100,rpi16,7.664452840577646100,rpi12,12.36450371470206-0.02272511091531571,0.11967960517386268
101,rpi9,6.051927055782293101,rpi24,8.790765408330087101,rpi15,9.925255861262292101,rpi18,19.59794185116204101,rpi4,8.658714651124178101,rpi10,13.464563131906262101,rpi13,3.0288378649042786101,rpi8,4.159519648771535101,rpi17,7.226758092401644101,rpi19,16.18081724055932101,rpi21,13.897476548939423101,rpi16,5.798606238120742101,rpi12,11.922011637841363-0.01924442623911429,0.1158726959353244
102,rpi9,7.709339157591125102,rpi24,7.100012158667931102,rpi15,11.820999143653662102,rpi18,23.72655999814359102,rpi4,8.658714651124178102,rpi10,15.165398040716436102,rpi13,2.71254315708662102,rpi8,4.726444299183521102,rpi17,8.127459498426633102,rpi19,15.801574465069672102,rpi21,14.467017536945574102,rpi16,4.491466682466656102,rpi12,19.88337400602803-0.004014341892805063,0.11726553863864321
103,rpi9,7.709339157591125103,rpi24,7.100012158667931103,rpi15,12.768805070448181103,rpi18,23.72655999814359103,rpi4,7.900648530372717103,rpi10,14.865620815568533103,rpi13,3.1038542908926474103,rpi8,4.726444299183521103,rpi17,5.633312595863604103,rpi19,13.19654641751913103,rpi21,14.467017536945574103,rpi16,3.720581384399555103,rpi12,19.88337400602803-0.007751459675706413,0.10832211930504784
104,rpi9,7.709339157591125104,rpi24,8.390615108855147104,rpi15,11.327763195606115104,rpi18,22.228622142691172104,rpi4,6.543802656416571104,rpi10,13.342783544936866104,rpi13,3.0812083082760506104,rpi8,5.609544987129303104,rpi17,5.633312595863604104,rpi19,16.89928116799603104,rpi21,14.467017536945574104,rpi16,3.7024249450757165104,rpi12,19.88337400602803-0.00596800740536658,0.10770163927776924
105,rpi9,7.465773517453522105,rpi24,6.544712080460852105,rpi15,11.016244494700022105,rpi18,25.15889394264068105,rpi4,6.543802656416571105,rpi10,12.814366841720952105,rpi13,3.0812083082760506105,rpi8,4.993926063888083105,rpi17,4.9377473517095085105,rpi19,18.356698943967157105,rpi21,17.330185299020588105,rpi16,4.927788294578359105,rpi12,17.882151847557967-0.007095287604688582,0.11134746169688238
106,rpi9,7.465773517453522106,rpi24,8.04648920571738106,rpi15,11.016244494700022106,rpi18,22.77893014734596106,rpi4,6.543802656416571106,rpi10,14.602465122982098106,rpi13,3.0629610810005015106,rpi8,5.8621062619215865106,rpi17,5.34100631909416106,rpi19,18.093747885549245106,rpi21,19.122407335355362106,rpi16,4.927788294578359106,rpi12,16.093611386518962-0.003803209591692442,0.1097454927682605
107,rpi9,6.669306901131748107,rpi24,8.112830314796655107,rpi15,9.256593038775833107,rpi18,22.77893014734596107,rpi4,6.543802656416571107,rpi10,14.602465122982098107,rpi13,3.0629610810005015107,rpi8,5.8621062619215865107,rpi17,5.34100631909416107,rpi19,18.093747885549245107,rpi21,19.122407335355362107,rpi16,3.45512056356861107,rpi12,15.411092852234242-0.005585557673416011,0.10567862213789911
108,rpi9,6.669306901131748108,rpi24,8.883168534446229108,rpi15,10.494226631851625108,rpi18,22.77893014734596108,rpi4,6.543802656416571108,rpi10,14.602465122982098108,rpi13,3.0629610810005015108,rpi8,5.8621062619215865108,rpi17,5.160820793981696108,rpi19,18.093747885549245108,rpi21,19.910732682132327108,rpi16,4.097191681452698108,rpi12,15.411092852234242-0.006133232642127365,0.10562237504784505
109,rpi9,6.65248883517564109,rpi24,9.598677479239461109,rpi15,11.744669986166116109,rpi18,16.324034259479216109,rpi4,6.543802656416571109,rpi10,17.339674558036727109,rpi13,3.6015591043179827109,rpi8,5.055253624958015109,rpi17,5.160820793981696109,rpi19,17.763079608627134109,rpi21,13.37567890666526109,rpi16,3.9455939921524363109,rpi12,15.271066803805631-0.015562254623039284,0.10401269905294074
110,rpi9,9.38999034350077110,rpi24,6.3324924806614495110,rpi15,12.863667373079075110,rpi18,21.02578744318863110,rpi4,6.543802656416571110,rpi10,16.54751386619474110,rpi13,3.470503102795564110,rpi8,5.055253624958015110,rpi17,7.815828531609106110,rpi19,16.6385168071205110,rpi21,12.581781366308132110,rpi16,4.363841439039608110,rpi12,14.7648963761201-0.007643396651353617,0.12052527952998134
111,rpi9,6.612981963349001111,rpi24,6.3324924806614495111,rpi15,12.48452257728688111,rpi18,20.60024637945888111,rpi4,7.592139073892843111,rpi10,16.54751386619474111,rpi13,3.292410284430888111,rpi8,4.923731470300913111,rpi17,7.815828531609106111,rpi19,14.4009680809317111,rpi21,17.16860329977718111,rpi16,5.162195304092456111,rpi12,19.355613358946826-0.0074387320629995795,0.12045640701715066
112,rpi9,7.993623424348458112,rpi24,7.579477726396986112,rpi15,14.245778106004709112,rpi18,26.49747009972619112,rpi4,7.592139073892843112,rpi10,15.5770854737368112,rpi13,3.1565390011255823112,rpi8,4.923731470300913112,rpi17,7.815828531609106112,rpi19,8.955104954706993112,rpi21,15.78657701668126112,rpi16,4.418141402530515112,rpi12,19.926438521005615-0.007670108695307729,0.11475859986878122
113,rpi9,7.993623424348458113,rpi24,8.245727498719415113,rpi15,14.245778106004709113,rpi18,26.49747009972619113,rpi4,6.338570483776487113,rpi10,11.789325601597595113,rpi13,3.1565390011255823113,rpi8,4.8209817509724715113,rpi17,6.564172999330184113,rpi19,8.378312291892211113,rpi21,15.78657701668126113,rpi16,4.780965944034788113,rpi12,19.926438521005615-0.013409409966436664,0.11463223437247924
114,rpi9,7.993623424348458114,rpi24,8.263074855084158114,rpi15,14.245778106004709114,rpi18,26.49747009972619114,rpi4,6.338570483776487114,rpi10,11.606229924711549114,rpi13,2.9145326694255895114,rpi8,6.248969285075416114,rpi17,6.564172999330184114,rpi19,8.378312291892211114,rpi21,15.105335585564106114,rpi16,5.2091480660634195114,rpi12,19.926438521005615-0.0001696797293202466,0.11563399201603398
115,rpi9,7.518192564715046115,rpi24,8.263074855084158115,rpi15,13.253844971687435115,rpi18,26.49747009972619115,rpi4,4.8898221014836425115,rpi10,8.303342187248251115,rpi13,2.0270065039944196115,rpi8,6.248969285075416115,rpi17,6.564172999330184115,rpi19,9.120638346292179115,rpi21,15.105335585564106115,rpi16,4.597626543411769115,rpi12,19.926438521005615-0.003483318002357854,0.1218576612247445
116,rpi9,7.518192564715046116,rpi24,8.263074855084158116,rpi15,15.093357227433678116,rpi18,25.37692145987891116,rpi4,5.742942226520105116,rpi10,8.768036493559313116,rpi13,2.1912105677494393116,rpi8,6.248969285075416116,rpi17,6.25956299898725116,rpi19,9.120638346292179116,rpi21,12.99583840490012116,rpi16,4.937344178543763116,rpi12,17.0262804534628780.0010815566403280191,0.11839773251049884
117,rpi9,8.605278271416298117,rpi24,5.956055471947468117,rpi15,14.191771858166863117,rpi18,26.23621023615363117,rpi4,6.531419189443502117,rpi10,9.813453726551842117,rpi13,1.6134194607357006117,rpi8,7.344237487603182117,rpi17,6.2348810078275205117,rpi19,10.703361365216265117,rpi21,13.852987489753872117,rpi16,5.954991279127923117,rpi12,15.4249024552940720.01955980012678466,0.12448948518364025
118,rpi9,9.93702108111492118,rpi24,4.717157313411213118,rpi15,14.191771858166863118,rpi18,26.23621023615363118,rpi4,6.531419189443502118,rpi10,7.0950833737891195118,rpi13,1.6134194607357006118,rpi8,8.750993668437397118,rpi17,6.2348810078275205118,rpi19,11.8882013088823118,rpi21,10.561722524847264118,rpi16,6.682336526294121118,rpi12,16.950827043958250.025544934338738817,0.13249720691739608
119,rpi9,9.93702108111492119,rpi24,4.717157313411213119,rpi15,14.191771858166863119,rpi18,24.58192455454045119,rpi4,7.757218888893585119,rpi10,7.0950833737891195119,rpi13,1.956130536727503119,rpi8,8.750993668437397119,rpi17,5.606121882865655119,rpi19,10.509762948849941119,rpi21,10.561722524847264119,rpi16,6.682336526294121119,rpi12,16.950827043958250.02757284498658977,0.129416971239515
120,rpi9,9.737508019740991120,rpi24,5.146558895211613120,rpi15,17.31857575254046120,rpi18,26.175362514921282120,rpi4,7.757218888893585120,rpi10,7.0950833737891195120,rpi13,1.9423087482177501120,rpi8,9.182181979492173120,rpi17,7.793454934131339120,rpi19,9.523012105253379120,rpi21,8.307833859268538120,rpi16,6.682336526294121120,rpi12,19.9793341533210620.028834795363038585,0.13309028586097513
121,rpi9,7.67695242878659121,rpi24,6.458314589933978121,rpi15,8.148172994411805121,rpi18,20.661951190943462121,rpi4,7.757218888893585121,rpi10,6.793800693629588121,rpi13,2.791609149117445121,rpi8,9.325169113516445121,rpi17,9.241601084771398121,rpi19,8.3390307499339121,rpi21,10.360296720586001121,rpi16,8.352631435598198121,rpi12,19.153668546202120.020917745711496138,0.1333201467442293
122,rpi9,6.807574858397332122,rpi24,6.458314589933978122,rpi15,8.148172994411805122,rpi18,20.661951190943462122,rpi4,7.757218888893585122,rpi10,6.793800693629588122,rpi13,2.791609149117445122,rpi8,9.325169113516445122,rpi17,9.241601084771398122,rpi19,8.3390307499339122,rpi21,10.360296720586001122,rpi16,8.352631435598198122,rpi12,19.153668546202120.01814543930902594,0.13189321925594902
123,rpi9,8.206584259096239123,rpi24,8.365924655682036123,rpi15,10.087752785880683123,rpi18,20.661951190943462123,rpi4,7.576433872461084123,rpi10,5.166426337475482123,rpi13,2.791609149117445123,rpi8,5.588822266762854123,rpi17,9.241601084771398123,rpi19,7.247929630855497123,rpi21,9.43491960878403123,rpi16,5.680830135676491123,rpi12,19.15366854620212-0.0036695845311259154,0.12796093409711182
124,rpi9,8.195201207112666124,rpi24,10.449946758577047124,rpi15,7.7839797096159495124,rpi18,20.661951190943462124,rpi4,4.118295408760459124,rpi10,2.938002718517202124,rpi13,3.0330787782241084124,rpi8,5.588822266762854124,rpi17,9.241601084771398124,rpi19,6.913073503323439124,rpi21,9.556317343629246124,rpi16,5.680830135676491124,rpi12,18.49686155488405-0.028126885473106274,0.148161887969109
125,rpi9,4.939898242068037125,rpi24,13.07437605811751125,rpi15,7.7839797096159495125,rpi18,30.862396893090686125,rpi4,4.359874584151575125,rpi10,2.3716653233480653125,rpi13,3.204539003212171125,rpi8,5.588822266762854125,rpi17,9.797566494454403125,rpi19,7.642526259744996125,rpi21,11.084917127237686125,rpi16,4.96308285298509125,rpi12,17.991460996587982-0.03228209975936892,0.1461590521812157
126,rpi9,4.106806808171223126,rpi24,13.07437605811751126,rpi15,8.526626729599828126,rpi18,37.75232661171981126,rpi4,4.563301851363342126,rpi10,2.3716653233480653126,rpi13,3.204539003212171126,rpi8,5.850005021589069126,rpi17,10.60949165929919126,rpi19,8.671406621049337126,rpi21,12.63364788409823126,rpi16,5.144339653814294126,rpi12,17.593898659735743-0.03357145109633395,0.14441901839769847
127,rpi9,4.106806808171223127,rpi24,19.58267065783892127,rpi15,8.526626729599828127,rpi18,37.75232661171981127,rpi4,4.563301851363342127,rpi10,2.3852984335507172127,rpi13,3.546601957891083127,rpi8,5.794620401107053127,rpi17,10.79830675393257127,rpi19,6.338283220807513127,rpi21,12.63364788409823127,rpi16,5.994492853215228127,rpi12,17.593898659735743-0.0350942873939283,0.14270941010131585
128,rpi9,3.187544689089169128,rpi24,28.398560243225088128,rpi15,10.821091497798228128,rpi18,37.75232661171981128,rpi4,5.3103525903938245128,rpi10,2.4520774213321284128,rpi13,3.846360265673078128,rpi8,5.008642022078425128,rpi17,11.651655157615837128,rpi19,6.338283220807513128,rpi21,13.234971630228172128,rpi16,6.827018521778044128,rpi12,17.030345448521768-0.03995698101484005,0.13706081840681206
129,rpi9,3.1980610569987333129,rpi24,28.398560243225088129,rpi15,14.287060638442707129,rpi18,50.927807217275564129,rpi4,5.858665277832277129,rpi10,2.5652360981317988129,rpi13,5.16701791907481129,rpi8,5.008642022078425129,rpi17,11.373918139373938129,rpi19,7.295873798246981129,rpi21,13.234971630228172129,rpi16,7.26396446392258129,rpi12,17.030345448521768-0.047809319789542344,0.13971570896097915
130,rpi9,2.413870688956036130,rpi24,28.398560243225088130,rpi15,12.965459403107845130,rpi18,50.927807217275564130,rpi4,4.690845825634641130,rpi10,2.482000554350574130,rpi13,4.8065512716642775130,rpi8,5.117713791778879130,rpi17,11.373918139373938130,rpi19,7.2771587732825544130,rpi21,8.847136530183878130,rpi16,7.26396446392258130,rpi12,17.030345448521768-0.05018847984785956,0.1363541389954475
131,rpi9,2.845899228836264131,rpi24,36.603534248585014131,rpi15,9.342021017575178131,rpi18,50.927807217275564131,rpi4,4.951091213300281131,rpi10,1.7512231889064886131,rpi13,4.684539048883131,rpi8,5.117713791778879131,rpi17,12.517802021338166131,rpi19,7.096912984809877131,rpi21,9.28842724186915131,rpi16,8.516788982091095131,rpi12,17.030345448521768-0.046574353266920235,0.14722075331556092
132,rpi9,2.1013678060678287132,rpi24,30.587937472037563132,rpi15,9.164564017739314132,rpi18,35.8237615479116132,rpi4,4.022245676260336132,rpi10,1.6643266201131701132,rpi13,3.824606797784722132,rpi8,5.579056960427056132,rpi17,12.517802021338166132,rpi19,6.242872530821716132,rpi21,10.83561951835611132,rpi16,8.324006329365403132,rpi12,17.030345448521768-0.04530416617221133,0.14141863740008262
133,rpi9,2.354190588042794133,rpi24,39.11344160095344133,rpi15,11.656024964380638133,rpi18,44.91480915666071133,rpi4,4.58431946865676133,rpi10,1.866778017397535133,rpi13,4.08572784195684133,rpi8,6.1452408535999705133,rpi17,10.173209081560667133,rpi19,7.042811410085014133,rpi21,11.705312090078472133,rpi16,6.110472055836046133,rpi12,17.030345448521768-0.04346098424617528,0.14081401248809675
134,rpi9,2.079666491132497134,rpi24,39.11344160095344134,rpi15,12.858365260754658134,rpi18,48.67563736768262134,rpi4,4.642157806230813134,rpi10,1.7100126139984901134,rpi13,4.01990275521806134,rpi8,6.311478792608801134,rpi17,10.684799479747754134,rpi19,7.757054581854469134,rpi21,14.343829635195108134,rpi16,6.071798517990592134,rpi12,17.030345448521768-0.044085421800621506,0.14131834007420443
135,rpi9,2.2601280737163925135,rpi24,39.11344160095344135,rpi15,12.858365260754658135,rpi18,48.67563736768262135,rpi4,3.8113244408550724135,rpi10,1.8361131932278463135,rpi13,4.01990275521806135,rpi8,6.311478792608801135,rpi17,10.612387538689443135,rpi19,5.7977232109476695135,rpi21,14.343829635195108135,rpi16,6.325057228017412135,rpi12,17.030345448521768-0.04419804565544102,0.13871855550477186
136,rpi9,2.580093304821701136,rpi24,39.11344160095344136,rpi15,15.625742369627556136,rpi18,48.67563736768262136,rpi4,3.8113244408550724136,rpi10,1.8361131932278463136,rpi13,4.3508332396750244136,rpi8,4.998318441460931136,rpi17,10.612387538689443136,rpi19,5.917060124967909136,rpi21,14.343829635195108136,rpi16,6.399072498423321136,rpi12,17.030345448521768-0.04733726068339872,0.14095053279620165
137,rpi9,1.9481331038058416137,rpi24,45.314689291627076137,rpi15,11.86198037049111137,rpi18,48.67563736768262137,rpi4,3.8113244408550724137,rpi10,1.9436567054808893137,rpi13,4.207715426373698137,rpi8,5.350065969462516137,rpi17,11.260570258198001137,rpi19,5.917060124967909137,rpi21,9.679035766707683137,rpi16,6.399072498423321137,rpi12,17.030345448521768-0.04771605834293021,0.13522967943774966
138,rpi9,2.052559794061389138,rpi24,45.314689291627076138,rpi15,13.681716110517595138,rpi18,35.09532896136239138,rpi4,4.291021948043291138,rpi10,1.3439887974811133138,rpi13,4.409984755154697138,rpi8,5.272144557648602138,rpi17,11.260570258198001138,rpi19,4.257795374496448138,rpi21,7.230455802569508138,rpi16,7.040370936390871138,rpi12,16.096382547279752-0.04111361706067088,0.1356088008776136
139,rpi9,1.7887896836920563139,rpi24,58.61361744874483139,rpi15,16.09602505310629139,rpi18,37.29060711870777139,rpi4,4.717898450049595139,rpi10,1.0476507277628797139,rpi13,4.506088700946437139,rpi8,3.7747643760198786139,rpi17,12.417904274845698139,rpi19,4.1245660521877054139,rpi21,8.684924202153482139,rpi16,5.759017165472923139,rpi12,10.767282366985901-0.043695745088284194,0.13720930781235802
140,rpi9,1.449875916839658140,rpi24,58.61361744874483140,rpi15,16.722249942501655140,rpi18,37.38346589798777140,rpi4,4.717898450049595140,rpi10,1.1057914183481201140,rpi13,4.2485407596004965140,rpi8,4.6861035192026135140,rpi17,11.696034648138037140,rpi19,5.173716297494605140,rpi21,9.583250180347866140,rpi16,4.681114145221524140,rpi12,11.659633031295774-0.04407783568804663,0.13631587947898238
141,rpi9,1.6481342733138062141,rpi24,57.35863669082909141,rpi15,16.722249942501655141,rpi18,37.38346589798777141,rpi4,4.717898450049595141,rpi10,1.1057914183481201141,rpi13,4.2485407596004965141,rpi8,5.57120966145965141,rpi17,11.696034648138037141,rpi19,6.20214746893795141,rpi21,10.609874840962316141,rpi16,5.3399690589265685141,rpi12,11.659633031295774-0.044216717168329,0.14285273649861954
142,rpi9,1.9906133429570385142,rpi24,46.67273435274488142,rpi15,16.86581608561678142,rpi18,32.22811617268131142,rpi4,5.094001831582303142,rpi10,1.2090341616626255142,rpi13,4.802125049016915142,rpi8,6.083418324889371142,rpi17,12.038842521547902142,rpi19,7.013372990619068142,rpi21,8.899273762808507142,rpi16,4.770191666751611142,rpi12,8.797269681252299-0.04332839168937516,0.14470586474445205
143,rpi9,1.9906133429570385143,rpi24,54.884611707331764143,rpi15,16.86581608561678143,rpi18,34.832763922725604143,rpi4,5.28867984521885143,rpi10,1.2090341616626255143,rpi13,3.550968109723998143,rpi8,6.083418324889371143,rpi17,12.038842521547902143,rpi19,6.73351061654092143,rpi21,9.332191745598129143,rpi16,4.770191666751611143,rpi12,9.472799046996746-0.038526571647068325,0.14304135231240864
144,rpi9,2.087663895172582144,rpi24,54.884611707331764144,rpi15,16.86581608561678144,rpi18,35.39894746391836144,rpi4,5.449765583837774144,rpi10,0.8779117420348613144,rpi13,3.353338673651183144,rpi8,5.207366505539355144,rpi17,11.149818216714047144,rpi19,8.396402308385444144,rpi21,9.332191745598129144,rpi16,4.770191666751611144,rpi12,9.472799046996746-0.039116401947579565,0.15164793671837692
145,rpi9,2.170757374721963145,rpi24,54.884611707331764145,rpi15,18.580146710085064145,rpi18,38.42308922327012145,rpi4,5.712184909263721145,rpi10,0.8779117420348613145,rpi13,3.353338673651183145,rpi8,4.193672543728961145,rpi17,11.149818216714047145,rpi19,6.9306599595480884145,rpi21,9.332191745598129145,rpi16,4.206422066987276145,rpi12,9.821609423648932-0.03924496619747627,0.14876868243995067
146,rpi9,1.8005681952312247146,rpi24,63.92118167626428146,rpi15,18.580146710085064146,rpi18,41.48193997629738146,rpi4,6.069344737717696146,rpi10,0.8266250251980608146,rpi13,3.712492177916879146,rpi8,4.24009525254788146,rpi17,15.750392597539317146,rpi19,5.505486962830249146,rpi21,10.415725798431195146,rpi16,4.028192907873206146,rpi12,8.14323376475809-0.03956254535084368,0.14461426120751605
147,rpi9,1.8005681952312247147,rpi24,45.57386231747277147,rpi15,17.535768772810734147,rpi18,41.48193997629738147,rpi4,5.559948333504773147,rpi10,0.8328704837745207147,rpi13,3.37245334475089147,rpi8,5.510620333970566147,rpi17,13.823980319734991147,rpi19,5.177696511314715147,rpi21,8.028818320084003147,rpi16,5.873885751399334147,rpi12,8.14323376475809-0.03774659021423234,0.14685069565914377
148,rpi9,2.443910543821649148,rpi24,45.57386231747277148,rpi15,18.777589825730512148,rpi18,43.62015927111618148,rpi4,5.559948333504773148,rpi10,1.081339274766164148,rpi13,3.5282289586882793148,rpi8,6.1981258812240325148,rpi17,11.622685477649354148,rpi19,4.600544889665503148,rpi21,8.028818320084003148,rpi16,6.0227389217137794148,rpi12,9.764219227288242-0.033699895503038826,0.1430726168670539
149,rpi9,2.0802772691497204149,rpi24,45.57386231747277149,rpi15,11.088684769626191149,rpi18,30.70080743281558149,rpi4,5.804390260269444149,rpi10,1.3038741200586592149,rpi13,4.718417071732565149,rpi8,6.809391650237261149,rpi17,8.257263632981864149,rpi19,9.266120305489977149,rpi21,10.230033210285736149,rpi16,6.0227389217137794149,rpi12,9.764219227288242-0.04326311151744971,0.1473708260465498
150,rpi9,2.259127912091203150,rpi24,39.91835800309368150,rpi15,9.44198863334814150,rpi18,30.70080743281558150,rpi4,5.952017877713931150,rpi10,1.6206473829856005150,rpi13,4.510628516581853150,rpi8,6.394206403500799150,rpi17,8.257263632981864150,rpi19,6.998715628026125150,rpi21,10.675829639295483150,rpi16,8.218893982110863150,rpi12,10.062595551823758-0.04244989691487846,0.14326873288574155
151,rpi9,2.929347217981434151,rpi24,39.91835800309368151,rpi15,9.516970390807762151,rpi18,27.868900696476228151,rpi4,5.952017877713931151,rpi10,1.6206473829856005151,rpi13,4.510628516581853151,rpi8,6.394206403500799151,rpi17,8.257263632981864151,rpi19,6.998715628026125151,rpi21,12.97840456385508151,rpi16,6.826737309715106151,rpi12,10.062595551823758-0.03975165862551956,0.14762616606104956
152,rpi9,2.929347217981434152,rpi24,39.91835800309368152,rpi15,9.516970390807762152,rpi18,28.2810721953415152,rpi4,5.952017877713931152,rpi10,1.97356223347188152,rpi13,5.231059368717324152,rpi8,6.394206403500799152,rpi17,8.257263632981864152,rpi19,7.897955420983708152,rpi21,12.97840456385508152,rpi16,6.826737309715106152,rpi12,12.68142372449497-0.043938725071987386,0.1454508543258236
153,rpi9,3.5402483660495347153,rpi24,24.273820439430043153,rpi15,10.020009267445134153,rpi18,40.42003603590048153,rpi4,5.952017877713931153,rpi10,1.59845590616784153,rpi13,6.3106154908164696153,rpi8,3.7363147697766035153,rpi17,7.87533289199511153,rpi19,9.32205675010696153,rpi21,17.02460507804126153,rpi16,7.730834164474863153,rpi12,14.240800784303472-0.053488032419727286,0.1529752070492912
154,rpi9,4.444454102105054154,rpi24,16.219908741825396154,rpi15,6.815846498555362154,rpi18,41.75200704182014154,rpi4,5.952017877713931154,rpi10,3.190571068768454154,rpi13,6.3106154908164696154,rpi8,3.6919411130674042154,rpi17,7.939901897097427154,rpi19,12.623724710703684154,rpi21,16.04580969258864154,rpi16,11.39649654847471154,rpi12,14.240800784303472-0.05746368010629612,0.14532463619984726
155,rpi9,4.281824593526847155,rpi24,15.56821157558706155,rpi15,7.161588204112233155,rpi18,41.75200704182014155,rpi4,6.129589371714445155,rpi10,3.9865272608325464155,rpi13,6.098982333213015155,rpi8,4.710899206819789155,rpi17,8.178094208727243155,rpi19,14.20528698762611155,rpi21,16.04580969258864155,rpi16,11.39649654847471155,rpi12,14.240800784303472-0.05414838707374665,0.14024605607870466
156,rpi9,5.310204215166979156,rpi24,13.570404218470706156,rpi15,7.091585232548384156,rpi18,52.71593158403452156,rpi4,6.129589371714445156,rpi10,4.0548593132783814156,rpi13,5.860365732477241156,rpi8,3.2194601203438267156,rpi17,6.936451433722974156,rpi19,12.689952886681752156,rpi21,17.57070994956269156,rpi16,10.560043873260158156,rpi12,13.805814161545825-0.059255512548525936,0.13888132552887325
157,rpi9,5.166957888522217157,rpi24,13.190893903876095157,rpi15,7.226248561073402157,rpi18,52.71593158403452157,rpi4,6.132606588942225157,rpi10,4.941748424498026157,rpi13,5.748304640274819157,rpi8,3.2194601203438267157,rpi17,6.936451433722974157,rpi19,12.689952886681752157,rpi21,21.693590989249344157,rpi16,12.830922408103905157,rpi12,13.805814161545825-0.061239981129839416,0.13237458793020054
158,rpi9,5.166957888522217158,rpi24,12.31457368793131158,rpi15,7.226248561073402158,rpi18,50.460727619002746158,rpi4,6.132606588942225158,rpi10,3.488225125655631158,rpi13,5.9269576072149945158,rpi8,3.940274153167844158,rpi17,7.686168125516932158,rpi19,11.865007245832075158,rpi21,20.872052484903136158,rpi16,12.664674483378704158,rpi12,17.102106968353105-0.05490081316374359,0.14628353886621812
159,rpi9,5.166957888522217159,rpi24,8.819184014459848159,rpi15,5.975978161539226159,rpi18,47.6170851515672159,rpi4,6.277924438884008159,rpi10,2.5797855437560107159,rpi13,4.1064397646192159,rpi8,3.940274153167844159,rpi17,6.044604691864594159,rpi19,11.243833508241368159,rpi21,20.673866200494018159,rpi16,8.84415331640362159,rpi12,21.253951968436983-0.03669877851033035,0.14694799902709943
160,rpi9,6.669130730721967160,rpi24,8.819184014459848160,rpi15,6.7378219421463195160,rpi18,50.52289132096643160,rpi4,6.545651323096014160,rpi10,2.797479314090377160,rpi13,2.792366154504418160,rpi8,3.940274153167844160,rpi17,4.445230885124346160,rpi19,11.243833508241368160,rpi21,20.673866200494018160,rpi16,8.77378515110446160,rpi12,24.714495855564397-0.02397324114208162,0.13615222658590784
161,rpi9,6.669130730721967161,rpi24,8.819184014459848161,rpi15,6.7378219421463195161,rpi18,50.52289132096643161,rpi4,6.613971115063368161,rpi10,2.797479314090377161,rpi13,2.792366154504418161,rpi8,3.940274153167844161,rpi17,4.445230885124346161,rpi19,11.243833508241368161,rpi21,20.673866200494018161,rpi16,8.77378515110446161,rpi12,24.714495855564397-0.023842207840314603,0.13609231386030787
162,rpi9,7.696493858178546162,rpi24,9.389320825191282162,rpi15,8.019598423976754162,rpi18,34.52952126409259162,rpi4,6.824484239228658162,rpi10,2.7888862791894455162,rpi13,3.670982497307292162,rpi8,3.940274153167844162,rpi17,4.445230885124346162,rpi19,8.040540058840607162,rpi21,22.221321804959494162,rpi16,8.77378515110446162,rpi12,24.714495855564397-0.02972988815005631,0.13551466257358352
163,rpi9,9.673264688771958163,rpi24,12.247455620231248163,rpi15,6.9673317015080105163,rpi18,33.57008537014269163,rpi4,6.997708834511577163,rpi10,2.909676084846871163,rpi13,3.5239184630549216163,rpi8,2.7272261463446163,rpi17,5.101435109817636163,rpi19,6.542265668417699163,rpi21,19.857104028942235163,rpi16,9.015538429572308163,rpi12,28.00845311436134-0.03658613949451451,0.13446498318859101
164,rpi9,6.76313281397828164,rpi24,9.217999909836239164,rpi15,7.124570496259275164,rpi18,33.57008537014269164,rpi4,6.997708834511577164,rpi10,2.180598533194814164,rpi13,3.489961860524994164,rpi8,2.7272261463446164,rpi17,5.101435109817636164,rpi19,6.542265668417699164,rpi21,19.857104028942235164,rpi16,9.929721967314148164,rpi12,28.00845311436134-0.037180607394624275,0.13967282873190656
165,rpi9,6.76313281397828165,rpi24,9.680757908275673165,rpi15,7.906240534044087165,rpi18,24.340503924172285165,rpi4,7.6671110850429764165,rpi10,3.1636501985144405165,rpi13,3.473483464480934165,rpi8,3.4504593991048336165,rpi17,7.013957253577249165,rpi19,5.676524815898291165,rpi21,19.003462089844557165,rpi16,8.987708655615453165,rpi12,28.00845311436134-0.030955995691568844,0.13380392638556576
166,rpi9,6.76313281397828166,rpi24,9.680757908275673166,rpi15,8.43508590497034166,rpi18,24.340503924172285166,rpi4,7.6671110850429764166,rpi10,2.3315823893549577166,rpi13,4.1477463384120306166,rpi8,2.7517028725980164166,rpi17,7.013957253577249166,rpi19,6.527787865307503166,rpi21,19.003462089844557166,rpi16,10.113585604143042166,rpi12,28.00845311436134-0.04394104740121503,0.14454087588803663
167,rpi9,4.348787272503664167,rpi24,7.700908977101702167,rpi15,7.432474555905906167,rpi18,25.378365755550224167,rpi4,6.101061523478431167,rpi10,3.1741000587421118167,rpi13,4.671428982730279167,rpi8,2.7517028725980164167,rpi17,5.949170194458758167,rpi19,8.19054547840039167,rpi21,22.058002573692832167,rpi16,7.822761189577856167,rpi12,24.481120917896607-0.05014955794423692,0.13459343547698302
168,rpi9,4.203025097590709168,rpi24,7.700908977101702168,rpi15,7.1761096424132855168,rpi18,26.240428443331773168,rpi4,4.966201349236874168,rpi10,4.062529152689948168,rpi13,5.020648310474478168,rpi8,4.178123083845823168,rpi17,6.491799748579725168,rpi19,10.049634358947863168,rpi21,22.058002573692832168,rpi16,6.550447556605566168,rpi12,24.664086746596475-0.04819207411697864,0.1347779926608243
169,rpi9,4.203025097590709169,rpi24,6.80686086759675169,rpi15,5.579844200671327169,rpi18,26.951115013724596169,rpi4,4.949022848558737169,rpi10,4.062529152689948169,rpi13,5.020648310474478169,rpi8,3.281595018904528169,rpi17,6.491799748579725169,rpi19,7.642231841725013169,rpi21,25.164155323070503169,rpi16,7.715560599029717169,rpi12,24.664086746596475-0.04680600953152306,0.13692522921748804
170,rpi9,4.664739111088822170,rpi24,8.138746075986763170,rpi15,5.445965137686612170,rpi18,26.951115013724596170,rpi4,4.949022848558737170,rpi10,3.1705145743910634170,rpi13,4.740321969311722170,rpi8,3.281595018904528170,rpi17,6.648016547939868170,rpi19,8.09237811604154170,rpi21,25.164155323070503170,rpi16,6.983233272842001170,rpi12,27.20520678823926-0.04600350318713424,0.14295754789926943
171,rpi9,3.879260466750025171,rpi24,8.762862541058778171,rpi15,6.461486963040811171,rpi18,30.011597406807613171,rpi4,5.537523306243123171,rpi10,4.94564617476871171,rpi13,4.851167526219909171,rpi8,3.2521306693107292171,rpi17,5.901381262845036171,rpi19,9.505192870127429171,rpi21,25.164155323070503171,rpi16,6.504763547227078171,rpi12,26.790282922780566-0.05035272303144566,0.12455260396182359
172,rpi9,5.70206241520721172,rpi24,9.350900578375034172,rpi15,5.811184448128336172,rpi18,30.011597406807613172,rpi4,5.537523306243123172,rpi10,4.94564617476871172,rpi13,4.851167526219909172,rpi8,4.2563211551030316172,rpi17,5.901381262845036172,rpi19,8.992257750705248172,rpi21,26.98521519544893172,rpi16,5.199185820940079172,rpi12,18.7664376418015-0.03606109494040124,0.1296576852504116
173,rpi9,5.467599944188006173,rpi24,10.49259117232628173,rpi15,5.2733837506312415173,rpi18,35.414819417106756173,rpi4,6.540063467746465173,rpi10,4.3431291819788935173,rpi13,3.9838374912753776173,rpi8,2.900864957039809173,rpi17,4.948235389452994173,rpi19,9.007307668671652173,rpi21,26.63181152197841173,rpi16,5.835898916461189173,rpi12,20.265829177934297-0.03636935802324625,0.12765574843585695
174,rpi9,7.344627780310084174,rpi24,10.73757477607613174,rpi15,4.368059179870888174,rpi18,32.7150829130691174,rpi4,6.311979364009976174,rpi10,4.653097982369517174,rpi13,4.4201936007318325174,rpi8,2.6261650021725174,rpi17,4.948235389452994174,rpi19,9.019365736625897174,rpi21,19.090643464594194174,rpi16,6.373777936405263174,rpi12,20.265829177934297-0.03677798760127145,0.13335486648657222
175,rpi9,6.713139160758851175,rpi24,12.272271680327524175,rpi15,4.571172393105031175,rpi18,31.419438557644472175,rpi4,6.727170829495639175,rpi10,4.952848075546101175,rpi13,4.389776675013246175,rpi8,2.7845665864581166175,rpi17,4.241194842792183175,rpi19,6.392059345004637175,rpi21,19.090643464594194175,rpi16,7.632333129440443175,rpi12,19.78843743382018-0.03258755101671857,0.12265513014749098
176,rpi9,6.521696898298193176,rpi24,12.09127155640675176,rpi15,3.461656781861718176,rpi18,27.920744146079937176,rpi4,5.391042704057801176,rpi10,4.952848075546101176,rpi13,4.389776675013246176,rpi8,3.1001654276214388176,rpi17,4.241194842792183176,rpi19,9.296299585216666176,rpi21,24.274844327286722176,rpi16,8.807606462503962176,rpi12,16.90943909040006-0.029762349285969717,0.13560173357939012
177,rpi9,4.393810791175096177,rpi24,12.09127155640675177,rpi15,3.9468185594251493177,rpi18,27.920744146079937177,rpi4,5.391042704057801177,rpi10,4.952848075546101177,rpi13,4.389776675013246177,rpi8,3.1001654276214388177,rpi17,4.241194842792183177,rpi19,9.296299585216666177,rpi21,24.274844327286722177,rpi16,10.208251950869313177,rpi12,16.90943909040006-0.035891308370550976,0.1286984865622478
178,rpi9,5.765120182611353178,rpi24,11.976834931924966178,rpi15,4.481513976617681178,rpi18,27.920744146079937178,rpi4,5.79479687995944178,rpi10,4.952848075546101178,rpi13,5.359866111701092178,rpi8,3.1001654276214388178,rpi17,5.306285092012408178,rpi19,6.857220088885677178,rpi21,13.97655475423137178,rpi16,10.208251950869313178,rpi12,13.289338427554668-0.040818862901960476,0.13226354214057914
179,rpi9,6.724695084335363179,rpi24,16.89269422577805179,rpi15,6.020912272105968179,rpi18,24.83780841953398179,rpi4,7.213243184801856179,rpi10,5.667401819347883179,rpi13,3.962949356346495179,rpi8,5.385503544134044179,rpi17,3.827418670051565179,rpi19,5.886196780247621179,rpi21,11.747787531636801179,rpi16,7.813550762313846179,rpi12,16.249580409140172-0.010218370244928138,0.10383203140560482
180,rpi9,6.724695084335363180,rpi24,16.89269422577805180,rpi15,6.020912272105968180,rpi18,24.83780841953398180,rpi4,7.213243184801856180,rpi10,5.667401819347883180,rpi13,3.962949356346495180,rpi8,5.385503544134044180,rpi17,3.5409906239915214180,rpi19,5.886196780247621180,rpi21,11.747787531636801180,rpi16,7.813550762313846180,rpi12,16.249580409140172-0.009992216468689585,0.10157398505263786
181,rpi9,6.975752368760388181,rpi24,15.677993102485983181,rpi15,6.020912272105968181,rpi18,19.346058410356417181,rpi4,8.020555701499212181,rpi10,5.667401819347883181,rpi13,3.962949356346495181,rpi8,5.9467687809522465181,rpi17,3.5409906239915214181,rpi19,5.886196780247621181,rpi21,11.108921383857272181,rpi16,7.156128355689974181,rpi12,16.249580409140172-0.004910712246878778,0.09967742340574848
182,rpi9,6.5769478025705315182,rpi24,12.609452374600771182,rpi15,6.962023975514111182,rpi18,19.346058410356417182,rpi4,8.020555701499212182,rpi10,8.132184144469402182,rpi13,3.962949356346495182,rpi8,5.9467687809522465182,rpi17,3.5409906239915214182,rpi19,7.200585663678379182,rpi21,10.890241599748876182,rpi16,9.64947855953756182,rpi12,17.76943916877638-0.0058193680468933955,0.09203231699857549
183,rpi9,7.006266863134031183,rpi24,13.923433139672918183,rpi15,6.665596242904671183,rpi18,13.903981991146832183,rpi4,8.020555701499212183,rpi10,10.131313713122031183,rpi13,4.401643022239039183,rpi8,6.898026242772412183,rpi17,2.5828537846007382183,rpi19,7.0699347518746265183,rpi21,10.718401265918509183,rpi16,10.724827183491128183,rpi12,16.24572048796868-0.0015692066614430538,0.07874019017820505
184,rpi9,6.042295065841949184,rpi24,9.355435376845373184,rpi15,11.20261663822616184,rpi18,17.755343790871663184,rpi4,8.020555701499212184,rpi10,10.520408674379707184,rpi13,2.818979089119515184,rpi8,8.32299960089425184,rpi17,2.5828537846007382184,rpi19,7.430744429477712184,rpi21,10.829390376590577184,rpi16,13.409281842902883184,rpi12,16.245720487968680.0045180011345469185,0.08455040633293007
185,rpi9,6.042295065841949185,rpi24,9.355435376845373185,rpi15,10.782770289586873185,rpi18,17.755343790871663185,rpi4,8.020555701499212185,rpi10,10.520408674379707185,rpi13,2.818979089119515185,rpi8,8.32299960089425185,rpi17,2.721346770420412185,rpi19,7.430744429477712185,rpi21,10.829390376590577185,rpi16,10.509179368687212185,rpi12,16.245720487968680.004786090570243068,0.08577771516112158
186,rpi9,6.042295065841949186,rpi24,9.355435376845373186,rpi15,10.782770289586873186,rpi18,17.755343790871663186,rpi4,8.020555701499212186,rpi10,8.8130470472935186,rpi13,2.818979089119515186,rpi8,8.32299960089425186,rpi17,2.721346770420412186,rpi19,7.430744429477712186,rpi21,10.829390376590577186,rpi16,10.509179368687212186,rpi12,16.245720487968680.0045422887946750395,0.08636747120522767
187,rpi9,7.31484126648495187,rpi24,9.56983598158858187,rpi15,12.56903368412247187,rpi18,17.983046557508466187,rpi4,8.020555701499212187,rpi10,8.8130470472935187,rpi13,3.1280485385043617187,rpi8,8.32299960089425187,rpi17,3.094760952375819187,rpi19,8.676126183587378187,rpi21,7.554108311906626187,rpi16,10.753415560151236187,rpi12,17.361657378825420.007979658064933058,0.0880268102762195
188,rpi9,7.737143121887218188,rpi24,13.338195817426614188,rpi15,12.211498519670883188,rpi18,17.983046557508466188,rpi4,8.020555701499212188,rpi10,8.8130470472935188,rpi13,2.960866230559777188,rpi8,8.32299960089425188,rpi17,3.094760952375819188,rpi19,8.676126183587378188,rpi21,9.18199924688479188,rpi16,11.901494144128016188,rpi12,18.735830344797910.008297253371900942,0.08909383529839632
189,rpi9,8.936931417624407189,rpi24,14.58974142346203189,rpi15,13.915155038518634189,rpi18,14.283429381505194189,rpi4,8.020555701499212189,rpi10,10.318127042434432189,rpi13,2.960866230559777189,rpi8,5.777222835921377189,rpi17,2.5427384300559654189,rpi19,9.57697933229577189,rpi21,9.18199924688479189,rpi16,11.901494144128016189,rpi12,13.4372588988809847.96826224938622e-05,0.0865154004577924
190,rpi9,9.599150456918546190,rpi24,13.668587175236597190,rpi15,16.42247408502542190,rpi18,15.110053204560026190,rpi4,8.020555701499212190,rpi10,12.13960504188217190,rpi13,2.123577051780548190,rpi8,5.777222835921377190,rpi17,2.5427384300559654190,rpi19,11.821872526899531190,rpi21,9.18199924688479190,rpi16,17.66546397915266190,rpi12,13.6034338131816560.005416389663583595,0.09321129090460221
191,rpi9,9.299303810962718191,rpi24,16.68375607859747191,rpi15,14.431576928018183191,rpi18,14.469390444405166191,rpi4,8.020555701499212191,rpi10,12.13960504188217191,rpi13,2.122532842057021191,rpi8,5.777222835921377191,rpi17,2.5427384300559654191,rpi19,12.57908401309616191,rpi21,9.350822264772432191,rpi16,19.036096815696162191,rpi12,12.5290700774902890.00531436408445347,0.09324045715086904
192,rpi9,6.214862651033596192,rpi24,20.01084966716712192,rpi15,16.606884426219683192,rpi18,10.321912868666338192,rpi4,8.020555701499212192,rpi10,12.13960504188217192,rpi13,2.22169038277183192,rpi8,6.740238985576508192,rpi17,3.0229647262031083192,rpi19,12.57908401309616192,rpi21,6.873530146886679192,rpi16,20.656458591904382192,rpi12,17.4770470956013920.0072836635500687745,0.09462633820516834
193,rpi9,6.214862651033596193,rpi24,20.01084966716712193,rpi15,14.781007655678483193,rpi18,10.321912868666338193,rpi4,8.020555701499212193,rpi10,12.13960504188217193,rpi13,2.22169038277183193,rpi8,6.740238985576508193,rpi17,3.8064240697243035193,rpi19,12.57908401309616193,rpi21,6.873530146886679193,rpi16,20.656458591904382193,rpi12,17.4770470956013920.008686688119373138,0.10042156461919595
194,rpi9,6.8454358692225625194,rpi24,16.444537240138164194,rpi15,14.613539425414066194,rpi18,10.321912868666338194,rpi4,9.355425989267962194,rpi10,13.95930016308539194,rpi13,2.585513609011477194,rpi8,6.342204425075302194,rpi17,3.0006389112742755194,rpi19,15.866289392772662194,rpi21,6.873530146886679194,rpi16,20.766982391135997194,rpi12,18.835382550021720.006260190649387543,0.09128578085214067
195,rpi9,6.8454358692225625195,rpi24,13.73510278002319195,rpi15,14.477792992016125195,rpi18,9.691882737699387195,rpi4,9.355425989267962195,rpi10,11.30813323220742195,rpi13,2.2658829026756298195,rpi8,6.040768450505437195,rpi17,2.8482033269874543195,rpi19,15.555368258012138195,rpi21,6.873530146886679195,rpi16,14.613759843516053195,rpi12,18.835382550021720.006430212522500276,0.09298870444807208
196,rpi9,6.989036197040137196,rpi24,13.73510278002319196,rpi15,16.78171664576333196,rpi18,10.10477204771468196,rpi4,9.355425989267962196,rpi10,11.30813323220742196,rpi13,1.619533627331031196,rpi8,7.314316539460464196,rpi17,3.6012791905402044196,rpi19,14.621914417867295196,rpi21,7.766831323332293196,rpi16,15.648533377313033196,rpi12,21.4278972985665030.01605305849134006,0.10400071090695386
197,rpi9,6.989036197040137197,rpi24,13.73510278002319197,rpi15,13.34081331416206197,rpi18,10.10477204771468197,rpi4,9.355425989267962197,rpi10,11.30813323220742197,rpi13,1.619533627331031197,rpi8,7.314316539460464197,rpi17,4.245857685638045197,rpi19,14.621914417867295197,rpi21,7.766831323332293197,rpi16,15.648533377313033197,rpi12,21.4278972985665030.017531341309370965,0.10817644886643235
198,rpi9,6.989036197040137198,rpi24,9.231903307924913198,rpi15,15.21329207324787198,rpi18,10.10477204771468198,rpi4,9.355425989267962198,rpi10,11.754732038063967198,rpi13,1.7486865752867622198,rpi8,7.314316539460464198,rpi17,4.245857685638045198,rpi19,10.556097433119046198,rpi21,5.658418939901241198,rpi16,16.545922041521944198,rpi12,21.4278972985665030.019463586238193387,0.10546948671192294
199,rpi9,7.200935223176221199,rpi24,9.471810436428807199,rpi15,13.224121608795047199,rpi18,10.10477204771468199,rpi4,9.355425989267962199,rpi10,8.388227231200112199,rpi13,1.8170613081433065199,rpi8,7.314316539460464199,rpi17,4.245857685638045199,rpi19,10.722664363588915199,rpi21,6.203775580954665199,rpi16,17.6963707824384199,rpi12,17.6109849097685580.01803103494793607,0.10645827471403259
200,rpi9,7.200935223176221200,rpi24,9.471810436428807200,rpi15,13.224121608795047200,rpi18,9.750372701065267200,rpi4,9.355425989267962200,rpi10,8.388227231200112200,rpi13,2.201383285207657200,rpi8,5.543846550085219200,rpi17,4.520352956707754200,rpi19,9.241493655072928200,rpi21,6.203775580954665200,rpi16,17.6963707824384200,rpi12,17.6109849097685580.00826868332039289,0.10630554747998122
201,rpi9,7.548201461824255201,rpi24,9.471810436428807201,rpi15,13.618394337075697201,rpi18,10.931847852571861201,rpi4,9.355425989267962201,rpi10,8.925836338436559201,rpi13,2.5665902001402325201,rpi8,5.543846550085219201,rpi17,4.752672374776193201,rpi19,10.094707411976039201,rpi21,5.951478420148859201,rpi16,19.095232050843187201,rpi12,17.6858898545321280.007556001560917188,0.10557231463084264
202,rpi9,7.548201461824255202,rpi24,13.566790497696767202,rpi15,13.618394337075697202,rpi18,10.931847852571861202,rpi4,9.355425989267962202,rpi10,8.925836338436559202,rpi13,3.4942033864654203202,rpi8,5.543846550085219202,rpi17,4.752672374776193202,rpi19,9.43571877564009202,rpi21,5.497938665186336202,rpi16,21.675802633285002202,rpi12,17.6858898545321280.0035568813746349346,0.0991281056900536
203,rpi9,6.826057585588553203,rpi24,19.694517974634536203,rpi15,16.584750622108288203,rpi18,7.629285906416236203,rpi4,5.879503904983566203,rpi10,7.211392528221055203,rpi13,3.365912604476169203,rpi8,6.673427714709562203,rpi17,4.752672374776193203,rpi19,9.43571877564009203,rpi21,10.014469079246695203,rpi16,16.88710792238826203,rpi12,18.29284380833259-0.009011346374984153,0.10883064714193835
204,rpi9,7.236623167054747204,rpi24,19.1399600852878204,rpi15,15.369958261511126204,rpi18,8.100460149073802204,rpi4,5.879503904983566204,rpi10,8.788511158354163204,rpi13,2.437150048514949204,rpi8,6.256383108430739204,rpi17,5.131924298671807204,rpi19,9.80211945658666204,rpi21,12.912262425792122204,rpi16,17.253820425074718204,rpi12,19.09083750006931-0.0010610225075600647,0.1142908726228231
205,rpi9,7.582785423221871205,rpi24,16.972773756536398205,rpi15,18.299144863992208205,rpi18,10.84341804693803205,rpi4,5.879503904983566205,rpi10,7.899612664976099205,rpi13,2.599947938462826205,rpi8,5.975285597358837205,rpi17,5.592672064754555205,rpi19,11.080414136785818205,rpi21,12.003333568866314205,rpi16,18.192818820801545205,rpi12,18.261144280199908-0.004126115081497558,0.11975951408940455
206,rpi9,6.41568932563546206,rpi24,20.797074988452028206,rpi15,21.523917829005477206,rpi18,8.87618548235264206,rpi4,5.879503904983566206,rpi10,6.245750593848977206,rpi13,2.5537108481728152206,rpi8,5.975285597358837206,rpi17,6.038033018806755206,rpi19,11.94386247507546206,rpi21,11.472371451727492206,rpi16,19.53416847817471206,rpi12,24.727369139957723-0.00794431111481766,0.1241399298479158
207,rpi9,5.842244835074592207,rpi24,22.315252546717904207,rpi15,19.97166691850964207,rpi18,8.883515739010852207,rpi4,5.879503904983566207,rpi10,7.83371397194875207,rpi13,2.824472671953153207,rpi8,5.59254577417835207,rpi17,4.7590074744311455207,rpi19,6.8560293526856855207,rpi21,13.128725259620081207,rpi16,19.53416847817471207,rpi12,23.74336833044457-0.011274462222171629,0.10713368130197126
208,rpi9,4.645936040906603208,rpi24,14.225955471046248208,rpi15,17.995927925604786208,rpi18,9.868880742392134208,rpi4,5.879503904983566208,rpi10,9.39018542614095208,rpi13,2.8572609231752755208,rpi8,6.417821560855037208,rpi17,4.09874110907406208,rpi19,8.716821135954158208,rpi21,8.81207222577638208,rpi16,24.15425975485429208,rpi12,32.46637972357659-0.012616453355864062,0.10239865471397415
209,rpi9,4.645936040906603209,rpi24,14.225955471046248209,rpi15,19.027609436912968209,rpi18,13.42924065578676209,rpi4,6.9690334093177455209,rpi10,10.3666714482249209,rpi13,2.818122850151554209,rpi8,7.47253724379682209,rpi17,4.625261717761982209,rpi19,11.060799188813343209,rpi21,7.023643152965095209,rpi16,17.5326333090244209,rpi12,32.46637972357659-0.0035338591694627237,0.10206329666049806
210,rpi9,4.645936040906603210,rpi24,15.36969169588038210,rpi15,13.540563354797884210,rpi18,13.42924065578676210,rpi4,6.9690334093177455210,rpi10,10.3666714482249210,rpi13,3.2001323277264495210,rpi8,7.47253724379682210,rpi17,4.730521815731466210,rpi19,8.525568829113915210,rpi21,7.206924141006628210,rpi16,17.04905480355341210,rpi12,32.46637972357659-0.006552262578428134,0.09990828573883134
211,rpi9,7.126829897875983211,rpi24,17.121118170007957211,rpi15,16.67062498163667211,rpi18,13.42924065578676211,rpi4,6.9690334093177455211,rpi10,10.3666714482249211,rpi13,3.9749745248564117211,rpi8,8.473727048735615211,rpi17,4.275449605372764211,rpi19,8.525568829113915211,rpi21,6.261811078252281211,rpi16,13.77589984800518211,rpi12,28.6495412901596320.005859553984816799,0.09214332663690096
212,rpi9,7.126829897875983212,rpi24,17.121118170007957212,rpi15,16.67062498163667212,rpi18,16.898227988734224212,rpi4,6.9690334093177455212,rpi10,10.3666714482249212,rpi13,3.9749745248564117212,rpi8,8.473727048735615212,rpi17,3.7808150532259264212,rpi19,9.91011494833399212,rpi21,3.791298462870661212,rpi16,16.242957996815555212,rpi12,28.6495412901596320.016619513123779715,0.08644466379473545
213,rpi9,7.126829897875983213,rpi24,20.09187926974217213,rpi15,15.817662401481167213,rpi18,13.730075716031651213,rpi4,7.624968207395952213,rpi10,10.3666714482249213,rpi13,3.9749745248564117213,rpi8,8.473727048735615213,rpi17,3.2724147893197784213,rpi19,8.47935764674051213,rpi21,3.338338567458681213,rpi16,16.242957996815555213,rpi12,21.217496454230720.01922933087510041,0.08122531884784752
214,rpi9,6.832342229616042214,rpi24,20.09187926974217214,rpi15,15.817662401481167214,rpi18,12.460582523687144214,rpi4,7.624968207395952214,rpi10,10.3666714482249214,rpi13,3.9749745248564117214,rpi8,8.948692327570628214,rpi17,2.1611985992823213214,rpi19,8.47935764674051214,rpi21,2.879547877755389214,rpi16,15.02701695459683214,rpi12,21.217496454230720.016676718142750426,0.0745148309811503
215,rpi9,7.583255512924243215,rpi24,20.582264658658783215,rpi15,18.972413513296694215,rpi18,12.460582523687144215,rpi4,7.646988371470639215,rpi10,13.474391887272978215,rpi13,3.670011961475424215,rpi8,10.419961851198437215,rpi17,2.173925183203491215,rpi19,8.593901325454855215,rpi21,2.4709704654209177215,rpi16,13.213685142305005215,rpi12,21.0065779810664350.020947150237246984,0.0758167850325298
216,rpi9,7.583255512924243216,rpi24,21.626912674635488216,rpi15,16.168939593088684216,rpi18,12.460582523687144216,rpi4,7.843182920036007216,rpi10,10.992775010152908216,rpi13,5.456749078572577216,rpi8,10.419961851198437216,rpi17,1.9718621004447012216,rpi19,6.4395021164203216,rpi21,1.7391427668853683216,rpi16,16.421293923574602216,rpi12,21.0065779810664350.0242254262452184,0.06762483962905907
217,rpi9,9.038254198946019217,rpi24,15.274130507810025217,rpi15,19.783726895005536217,rpi18,17.493009874434147217,rpi4,7.843182920036007217,rpi10,14.804231627476618217,rpi13,6.37892046211022217,rpi8,11.313393766827996217,rpi17,2.083057373660791217,rpi19,7.388934763559668217,rpi21,1.2785406786904105217,rpi16,13.60024682278196217,rpi12,20.3649922192672720.030478321364842055,0.06897897663039271
218,rpi9,9.038254198946019218,rpi24,17.432721724389513218,rpi15,19.581353941156433218,rpi18,24.529665898993958218,rpi4,9.403594105071898218,rpi10,21.505371918432573218,rpi13,9.826485093967456218,rpi8,11.313393766827996218,rpi17,1.4421445345496036218,rpi19,7.0241272809634525218,rpi21,1.4969155924889108218,rpi16,18.32414819604898218,rpi12,19.413659080545910.023534091770656015,0.06180789241703982
219,rpi9,9.706611357632703219,rpi24,18.936170622882926219,rpi15,21.279955131585478219,rpi18,24.529665898993958219,rpi4,8.636446758346006219,rpi10,21.505371918432573219,rpi13,10.212182320354344219,rpi8,12.364436330138336219,rpi17,1.4421445345496036219,rpi19,7.0241272809634525219,rpi21,1.4969155924889108219,rpi16,18.32414819604898219,rpi12,19.413659080545910.02341293466617081,0.061967315556599005
220,rpi9,10.516085611146872220,rpi24,18.936170622882926220,rpi15,23.749507403664804220,rpi18,24.529665898993958220,rpi4,8.068040693467719220,rpi10,21.505371918432573220,rpi13,10.212182320354344220,rpi8,12.364436330138336220,rpi17,1.621836352805618220,rpi19,7.0241272809634525220,rpi21,1.4813505728220566220,rpi16,18.32414819604898220,rpi12,19.413659080545910.02501892308612772,0.06334844785779312
221,rpi9,11.740410723459055221,rpi24,15.704847604886996221,rpi15,19.44743474283056221,rpi18,28.65189206329389221,rpi4,8.068040693467719221,rpi10,22.570312187760198221,rpi13,8.17513339426249221,rpi8,12.364436330138336221,rpi17,1.177079035122987221,rpi19,7.059499277169504221,rpi21,1.538247719155222221,rpi16,21.435151821812084221,rpi12,19.3280809219101960.019900822103953216,0.06067024504527826
222,rpi9,11.740410723459055222,rpi24,18.240090180855123222,rpi15,16.16513959742297222,rpi18,28.65189206329389222,rpi4,8.068040693467719222,rpi10,22.92609316647949222,rpi13,9.66486691642479222,rpi8,14.894964004516181222,rpi17,1.2573161663313819222,rpi19,7.059499277169504222,rpi21,1.660049445156296222,rpi16,23.373450268838553222,rpi12,19.4962456464736750.01962712295579228,0.060274484218110505
223,rpi9,11.16726012054064223,rpi24,17.483052751452306223,rpi15,17.452468161829206223,rpi18,33.59681563217689223,rpi4,8.068040693467719223,rpi10,18.869658583208686223,rpi13,9.547405360329916223,rpi8,13.535841277156068223,rpi17,1.4410680177079362223,rpi19,6.948887725871901223,rpi21,1.7449277735949704223,rpi16,25.73961594208345223,rpi12,21.0556490087281420.020773596383221835,0.060919917279766186
224,rpi9,11.16726012054064224,rpi24,19.421993944129845224,rpi15,17.452468161829206224,rpi18,33.59681563217689224,rpi4,8.068040693467719224,rpi10,18.869658583208686224,rpi13,9.547405360329916224,rpi8,13.535841277156068224,rpi17,1.147486497347458224,rpi19,6.948887725871901224,rpi21,1.599270639373299224,rpi16,24.82778144576139224,rpi12,21.0556490087281420.0189104311447629,0.05978539660018638
225,rpi9,11.16726012054064225,rpi24,17.98265411027356225,rpi15,16.05991287579371225,rpi18,33.60767686850241225,rpi4,8.068040693467719225,rpi10,18.869658583208686225,rpi13,9.547405360329916225,rpi8,13.94723769837935225,rpi17,1.320073360859472225,rpi19,7.161965684527203225,rpi21,1.105700666470971225,rpi16,24.82778144576139225,rpi12,20.8782890527722420.026567172807286862,0.06417508815524757
226,rpi9,10.978861485965382226,rpi24,15.160019130495582226,rpi15,17.368777719539914226,rpi18,35.200659018358074226,rpi4,8.068040693467719226,rpi10,20.80229418663622226,rpi13,11.724876844036018226,rpi8,16.028414393184594226,rpi17,1.563949634532294226,rpi19,7.170109508449948226,rpi21,1.245690226620587226,rpi16,17.402418186434495226,rpi12,15.3729043409402270.027213724514657405,0.06453604620097285
227,rpi9,7.176565876362699227,rpi24,15.092757231449948227,rpi15,22.826069150059684227,rpi18,38.25080993245752227,rpi4,8.068040693467719227,rpi10,20.80229418663622227,rpi13,11.724876844036018227,rpi8,16.028414393184594227,rpi17,1.7305263254362373227,rpi19,7.170109508449948227,rpi21,1.245690226620587227,rpi16,17.402418186434495227,rpi12,16.6113427680631920.02730758819198623,0.06574262143176356
228,rpi9,8.451491141727441228,rpi24,12.781461965687425228,rpi15,26.810361017232147228,rpi18,37.550005650091826228,rpi4,6.9681014339661935228,rpi10,20.80229418663622228,rpi13,12.036123401295015228,rpi8,15.603155964925522228,rpi17,1.876474073298763228,rpi19,7.417140482605891228,rpi21,0.7515578866635435228,rpi16,17.402418186434495228,rpi12,16.878109178165870.03537443062502745,0.07082651846507061
229,rpi9,8.451491141727441229,rpi24,15.868666484780977229,rpi15,26.810361017232147229,rpi18,37.591357162474395229,rpi4,6.9681014339661935229,rpi10,20.80229418663622229,rpi13,14.44073523284649229,rpi8,13.610370876208696229,rpi17,1.876474073298763229,rpi19,6.9767211157075355229,rpi21,0.9146816135904884229,rpi16,18.08631114244382229,rpi12,16.878109178165870.03260833905881244,0.06933166851469541
230,rpi9,9.857043485154879230,rpi24,15.868666484780977230,rpi15,26.810361017232147230,rpi18,36.76803363363942230,rpi4,6.9681014339661935230,rpi10,20.80229418663622230,rpi13,14.44073523284649230,rpi8,14.334942912406177230,rpi17,1.876474073298763230,rpi19,6.9767211157075355230,rpi21,0.9146816135904884230,rpi16,18.08631114244382230,rpi12,16.878109178165870.03291710918492511,0.06926903541797667
231,rpi9,10.894250019968974231,rpi24,13.676735760724831231,rpi15,30.52189131937659231,rpi18,37.82477239710692231,rpi4,6.9681014339661935231,rpi10,20.80229418663622231,rpi13,11.294615327984431231,rpi8,12.14553847761078231,rpi17,2.002046012871634231,rpi19,7.021357568837334231,rpi21,1.0459621266096213231,rpi16,21.828870408278714231,rpi12,12.74345608820960.0318849991105108,0.06895916710755869
232,rpi9,10.763607940207809232,rpi24,13.676735760724831232,rpi15,29.357800223794353232,rpi18,39.59324148430817232,rpi4,6.9681014339661935232,rpi10,20.80229418663622232,rpi13,11.415558275984155232,rpi8,11.138672099404364232,rpi17,2.002046012871634232,rpi19,5.605790617448788232,rpi21,1.0459621266096213232,rpi16,21.23601714144799232,rpi12,11.6206328877455490.03161036716825677,0.06721305714241409
233,rpi9,12.428337464028559233,rpi24,13.895484863130918233,rpi15,30.300298903285956233,rpi18,37.45388278479523233,rpi4,6.953309667263503233,rpi10,20.80229418663622233,rpi13,11.415558275984155233,rpi8,9.479091937209274233,rpi17,2.002046012871634233,rpi19,6.171766657536515233,rpi21,0.7872501780081342233,rpi16,14.008318949607666233,rpi12,15.0503659560109090.03550354149035567,0.0700833318679266
234,rpi9,12.238563052051711234,rpi24,9.99901649769927234,rpi15,31.51293980879625234,rpi18,40.197355027505566234,rpi4,6.953309667263503234,rpi10,19.190716497150785234,rpi13,15.351760254440848234,rpi8,11.50041171514262234,rpi17,2.0416598812668854234,rpi19,6.220532999084124234,rpi21,1.0627036475059917234,rpi16,12.14001950296465234,rpi12,13.2870973967844250.031850475123351145,0.06832418816807012
235,rpi9,13.255140751610199235,rpi24,9.99901649769927235,rpi15,31.51293980879625235,rpi18,40.197355027505566235,rpi4,6.953309667263503235,rpi10,19.190716497150785235,rpi13,15.351760254440848235,rpi8,11.50041171514262235,rpi17,2.0416598812668854235,rpi19,6.220532999084124235,rpi21,0.9074104774805313235,rpi16,14.76191121222505235,rpi12,13.2870973967844250.03408853076463235,0.06939748691191189
236,rpi9,12.539666316684972236,rpi24,13.006587705821579236,rpi15,32.03821809129868236,rpi18,32.24084276972383236,rpi4,6.953309667263503236,rpi10,20.135988372187192236,rpi13,14.932294394776628236,rpi8,11.47087556414204236,rpi17,1.9294315364731278236,rpi19,3.721771131695985236,rpi21,1.0156475650407975236,rpi16,12.398228545792467236,rpi12,16.4738563937060750.03106100984113635,0.06267343280440696
237,rpi9,12.539666316684972237,rpi24,13.006587705821579237,rpi15,32.03821809129868237,rpi18,30.347652923205516237,rpi4,6.953309667263503237,rpi10,20.135988372187192237,rpi13,14.932294394776628237,rpi8,11.47087556414204237,rpi17,1.9294315364731278237,rpi19,3.721771131695985237,rpi21,1.1909524586386306237,rpi16,12.398228545792467237,rpi12,16.4738563937060750.02887421578744898,0.06110819545013287
238,rpi9,12.539666316684972238,rpi24,17.92216469890288238,rpi15,32.03821809129868238,rpi18,18.24316082888304238,rpi4,6.953309667263503238,rpi10,20.135988372187192238,rpi13,14.932294394776628238,rpi8,11.47087556414204238,rpi17,1.6282264242767053238,rpi19,3.721771131695985238,rpi21,1.1909524586386306238,rpi16,11.019178291344593238,rpi12,19.2502432032241270.026818826382888003,0.06019213936472108
239,rpi9,14.819337332198131239,rpi24,17.92216469890288239,rpi15,36.99324721653038239,rpi18,17.150629672112558239,rpi4,6.953309667263503239,rpi10,20.925621298116642239,rpi13,14.932294394776628239,rpi8,9.704591404163459239,rpi17,1.2204991213121443239,rpi19,3.7852949933139888239,rpi21,4.280282486951873239,rpi16,11.019178291344593239,rpi12,19.8860705817768880.0057101733645798305,0.04737434122968993
240,rpi9,14.819337332198131240,rpi24,16.48745201952979240,rpi15,30.552019847743598240,rpi18,9.85505935870045240,rpi4,6.953309667263503240,rpi10,25.944343703749055240,rpi13,14.932294394776628240,rpi8,7.922856753491938240,rpi17,1.2204991213121443240,rpi19,3.419635242698835240,rpi21,4.280282486951873240,rpi16,10.706743629920396240,rpi12,19.9452360826099270.005509333368310643,0.046758089225646046
241,rpi9,14.416605922267866241,rpi24,15.41426552239198241,rpi15,30.552019847743598241,rpi18,10.240646988287486241,rpi4,6.953309667263503241,rpi10,21.813941860328413241,rpi13,13.630168817964677241,rpi8,7.922856753491938241,rpi17,1.2776855450956077241,rpi19,3.2261445872046943241,rpi21,3.9416489782329855241,rpi16,15.272825077285063241,rpi12,18.6582687800871550.007286214516556789,0.04686193054508656
242,rpi9,14.416605922267866242,rpi24,21.260556313126962242,rpi15,22.804417850922725242,rpi18,10.240646988287486242,rpi4,6.629079951849791242,rpi10,21.813941860328413242,rpi13,11.824995602298578242,rpi8,7.922856753491938242,rpi17,1.2776855450956077242,rpi19,1.8291850766409725242,rpi21,10.236085040028811242,rpi16,15.272825077285063242,rpi12,18.6582687800871550.0037891544630530138,0.0359937881480102
243,rpi9,15.110903138721095243,rpi24,21.260556313126962243,rpi15,21.256453140499453243,rpi18,10.193645662329047243,rpi4,5.954737282656891243,rpi10,21.813941860328413243,rpi13,6.981562532320087243,rpi8,9.9633512916174243,rpi17,1.8110864661420527243,rpi19,1.60895869730647243,rpi21,11.71135398934189243,rpi16,15.272825077285063243,rpi12,20.309399192662740.006191418564395634,0.035848651558180254
244,rpi9,11.631409271245936244,rpi24,24.316187241449967244,rpi15,28.20050691504438244,rpi18,10.193645662329047244,rpi4,5.954737282656891244,rpi10,18.988354059491485244,rpi13,7.768946053962529244,rpi8,12.532114509090784244,rpi17,1.8110864661420527244,rpi19,1.7649642644167713244,rpi21,12.746345511142055244,rpi16,15.272825077285063244,rpi12,21.2401539778737920.005127387096316408,0.036068851000600574
245,rpi9,11.631409271245936245,rpi24,17.90261133004417245,rpi15,28.107165194630575245,rpi18,10.047629827937511245,rpi4,6.570373897341795245,rpi10,18.988354059491485245,rpi13,8.378991458702263245,rpi8,13.731547501322693245,rpi17,1.4391997620243244245,rpi19,1.8561410969993324245,rpi21,12.746345511142055245,rpi16,18.10113623184858245,rpi12,23.052929845101570.005133514905955811,0.035292299968150045
246,rpi9,9.653968333189283246,rpi24,18.510791479613477246,rpi15,26.862977695301584246,rpi18,6.871489721748728246,rpi4,7.108403426904454246,rpi10,19.965944374666545246,rpi13,7.829849206917847246,rpi8,13.731547501322693246,rpi17,1.5823292738782524246,rpi19,2.0072942078658085246,rpi21,15.304126586954009246,rpi16,21.93261252480772246,rpi12,23.052929845101570.005818379924682326,0.034247748115304205
247,rpi9,9.653968333189283247,rpi24,18.510791479613477247,rpi15,26.862977695301584247,rpi18,7.674334432468547247,rpi4,7.108403426904454247,rpi10,17.690165072361406247,rpi13,7.829849206917847247,rpi8,13.731547501322693247,rpi17,1.8717053867901103247,rpi19,2.0072942078658085247,rpi21,15.304126586954009247,rpi16,21.93261252480772247,rpi12,23.052929845101570.00696811223188976,0.033269991422089445
248,rpi9,9.653968333189283248,rpi24,21.763670073664787248,rpi15,26.862977695301584248,rpi18,7.674334432468547248,rpi4,7.108403426904454248,rpi10,17.690165072361406248,rpi13,7.829849206917847248,rpi8,13.731547501322693248,rpi17,2.383811956643851248,rpi19,2.0072942078658085248,rpi21,16.917915030940854248,rpi16,21.801824761467564248,rpi12,23.052929845101570.008528450377484108,0.03150258190681505
249,rpi9,11.753623006371468249,rpi24,19.13226089513155249,rpi15,20.019892355401915249,rpi18,7.645969773051621249,rpi4,7.108403426904454249,rpi10,18.43679846451126249,rpi13,7.766095352591817249,rpi8,14.773234340199929249,rpi17,1.8988649404702658249,rpi19,2.015445506006861249,rpi21,26.6098224762604249,rpi16,28.601859941066657249,rpi12,18.246555939797620.007187526941714835,0.0331523108443422
250,rpi9,11.753623006371468250,rpi24,19.13226089513155250,rpi15,20.83113656836086250,rpi18,7.8009242620680945250,rpi4,7.108403426904454250,rpi10,18.43679846451126250,rpi13,7.766095352591817250,rpi8,14.773234340199929250,rpi17,2.320573138450932250,rpi19,2.113473701158051250,rpi21,26.6098224762604250,rpi16,28.601859941066657250,rpi12,26.9119224298646960.008076896287954266,0.03230274057837084
251,rpi9,11.704083335585997251,rpi24,21.842417337358395251,rpi15,27.352112950616572251,rpi18,8.178873277069481251,rpi4,7.108403426904454251,rpi10,16.578251559260668251,rpi13,11.145248081534973251,rpi8,16.028041915345312251,rpi17,2.851155912599114251,rpi19,2.1711907634875818251,rpi21,26.6098224762604251,rpi16,43.24328609470255251,rpi12,29.850786470747890.008961339193706874,0.029614764243663074
252,rpi9,11.704083335585997252,rpi24,22.67892183517243252,rpi15,27.352112950616572252,rpi18,8.424706569798795252,rpi4,8.691958699255538252,rpi10,17.50374510171071252,rpi13,13.350496999889018252,rpi8,16.028041915345312252,rpi17,2.7341149747884974252,rpi19,1.9687324920962364252,rpi21,30.940945567764608252,rpi16,52.838080117792515252,rpi12,29.850786470747890.011892714440778236,0.025835525495295334
253,rpi9,13.087898682112876253,rpi24,21.31561774259534253,rpi15,26.40612980638923253,rpi18,6.696437607618995253,rpi4,8.691958699255538253,rpi10,17.50374510171071253,rpi13,13.350496999889018253,rpi8,16.028041915345312253,rpi17,2.9665619280815716253,rpi19,1.9808398624758938253,rpi21,29.7116564952063253,rpi16,52.838080117792515253,rpi12,29.5777151608806260.012072458395629286,0.02478855935858593
254,rpi9,13.087898682112876254,rpi24,21.31561774259534254,rpi15,27.236698983909633254,rpi18,4.7432395808985275254,rpi4,8.691958699255538254,rpi10,17.50374510171071254,rpi13,13.350496999889018254,rpi8,16.028041915345312254,rpi17,2.2940492378843134254,rpi19,1.9808398624758938254,rpi21,29.7116564952063254,rpi16,52.838080117792515254,rpi12,29.5777151608806260.008801566070436001,0.026582581371832396
255,rpi9,13.087898682112876255,rpi24,21.31561774259534255,rpi15,27.236698983909633255,rpi18,5.324269732506448255,rpi4,8.691958699255538255,rpi10,17.061011834703528255,rpi13,13.982922378218614255,rpi8,16.028041915345312255,rpi17,1.8358016270822137255,rpi19,1.9905793467957396255,rpi21,29.7116564952063255,rpi16,38.45538872869077255,rpi12,29.5777151608806260.007756996656753997,0.02901450793878912
256,rpi9,13.087898682112876256,rpi24,21.31561774259534256,rpi15,25.59508401255261256,rpi18,5.324269732506448256,rpi4,8.691958699255538256,rpi10,17.061011834703528256,rpi13,13.982922378218614256,rpi8,16.028041915345312256,rpi17,1.8358016270822137256,rpi19,1.9984054019976034256,rpi21,30.309110696995628256,rpi16,32.62614519982757256,rpi12,29.5777151608806260.007724298895933013,0.02905069398280101
257,rpi9,13.087898682112876257,rpi24,23.831881934602816257,rpi15,26.562587284312905257,rpi18,5.577094961381754257,rpi4,8.691958699255538257,rpi10,17.061011834703528257,rpi13,13.982922378218614257,rpi8,16.028041915345312257,rpi17,2.157051928459067257,rpi19,1.9984054019976034257,rpi21,30.309110696995628257,rpi16,32.62614519982757257,rpi12,32.943648677289990.008953410547363812,0.02768394504787206
258,rpi9,14.311855392512651258,rpi24,24.317933748559444258,rpi15,26.193719059037512258,rpi18,6.0607508552332625258,rpi4,9.527832711350847258,rpi10,18.96631948463951258,rpi13,10.53277206606839258,rpi8,16.028041915345312258,rpi17,2.157051928459067258,rpi19,2.0947755720828725258,rpi21,35.95493890209973258,rpi16,32.62614519982757258,rpi12,32.943648677289990.009215030848983707,0.027994338056685726
259,rpi9,16.8560865116009259,rpi24,16.693717866627644259,rpi15,24.12324501025931259,rpi18,3.9494526926242703259,rpi4,10.8746738071145259,rpi10,18.96631948463951259,rpi13,12.935622081125985259,rpi8,17.50670346623011259,rpi17,3.0811354034577616259,rpi19,2.1489583609291816259,rpi21,20.921146241687392259,rpi16,32.62614519982757259,rpi12,35.5773737846024860.009663271792506556,0.023129049412433347
260,rpi9,19.213452067185937260,rpi24,17.07035117162309260,rpi15,16.68455872067168260,rpi18,4.391668322363759260,rpi4,10.8746738071145260,rpi10,18.96631948463951260,rpi13,12.935622081125985260,rpi8,17.50670346623011260,rpi17,3.0811354034577616260,rpi19,1.767186561938074260,rpi21,20.921146241687392260,rpi16,32.62614519982757260,rpi12,35.5773737846024860.011852496262485758,0.0219120223195018
261,rpi9,11.99732216081561261,rpi24,19.49817502093421261,rpi15,16.68455872067168261,rpi18,3.7068319791025672261,rpi4,10.8746738071145261,rpi10,16.49715897941648261,rpi13,13.896450480503924261,rpi8,20.130914322302623261,rpi17,3.1319505895810944261,rpi19,1.5030060760249724261,rpi21,16.105283727555776261,rpi16,36.01244530706099261,rpi12,35.5773737846024860.01225004757408399,0.020505332671008476
262,rpi9,11.99732216081561262,rpi24,19.49817502093421262,rpi15,16.68455872067168262,rpi18,4.271715502493485262,rpi4,10.8746738071145262,rpi10,16.49715897941648262,rpi13,13.896450480503924262,rpi8,20.130914322302623262,rpi17,2.947487157614891262,rpi19,1.5030060760249724262,rpi21,16.105283727555776262,rpi16,36.01244530706099262,rpi12,35.5773737846024860.012634580720281102,0.02119043245898244
263,rpi9,11.6030981368207263,rpi24,21.734824471979863263,rpi15,19.54208053328579263,rpi18,5.010509116715303263,rpi4,10.8746738071145263,rpi10,17.84133417087234263,rpi13,9.523980244214217263,rpi8,20.130914322302623263,rpi17,2.700780129875526263,rpi19,1.1562948437643203263,rpi21,21.187255516151414263,rpi16,46.85566320691734263,rpi12,35.5773737846024860.014773324318696764,0.020532922426829546
264,rpi9,12.997480434588272264,rpi24,14.905272759456167264,rpi15,20.646925630111703264,rpi18,5.692532061642689264,rpi4,8.847753021143662264,rpi10,17.84133417087234264,rpi13,13.60829862327081264,rpi8,20.130914322302623264,rpi17,2.2761092673810137264,rpi19,1.2940613648129753264,rpi21,22.677115428697935264,rpi16,46.85566320691734264,rpi12,35.526407044423630.012963489731686147,0.023267399336220674
265,rpi9,12.980377946110478265,rpi24,14.905272759456167265,rpi15,20.646925630111703265,rpi18,4.361585479089739265,rpi4,8.847753021143662265,rpi10,17.84133417087234265,rpi13,13.60829862327081265,rpi8,20.130914322302623265,rpi17,1.6926005811180034265,rpi19,1.2940613648129753265,rpi21,22.677115428697935265,rpi16,46.85566320691734265,rpi12,35.526407044423630.010115012016125748,0.02548022843183747
266,rpi9,14.217717158687773266,rpi24,14.905272759456167266,rpi15,21.36476688564402266,rpi18,4.865365940940108266,rpi4,8.847753021143662266,rpi10,13.760742310875104266,rpi13,11.809814192173773266,rpi8,21.008294671041014266,rpi17,1.6926005811180034266,rpi19,1.0258028396757488266,rpi21,25.407986414591726266,rpi16,52.748446231838955266,rpi12,35.526407044423630.01224847686667211,0.023772539405669903
267,rpi9,14.217717158687773267,rpi24,15.954086495491055267,rpi15,14.243626472439617267,rpi18,6.941829246548569267,rpi4,9.229249631443604267,rpi10,16.920511588953087267,rpi13,10.069188052045348267,rpi8,21.008294671041014267,rpi17,2.892776433883064267,rpi19,1.061160056187177267,rpi21,26.551004667403685267,rpi16,47.23829236608781267,rpi12,33.997034028317990.0167292837638428,0.019701157418506494
268,rpi9,16.012675262882173268,rpi24,15.954086495491055268,rpi15,14.243626472439617268,rpi18,6.435453275026227268,rpi4,9.768617716037268268,rpi10,16.920511588953087268,rpi13,10.069188052045348268,rpi8,21.008294671041014268,rpi17,2.892776433883064268,rpi19,0.910331922178548268,rpi21,26.551004667403685268,rpi16,47.23829236608781268,rpi12,30.630410980983890.017533211530934054,0.01850297513171955
269,rpi9,16.012675262882173269,rpi24,18.050845698474269,rpi15,16.178044066568074269,rpi18,5.002771309301801269,rpi4,9.768617716037268269,rpi10,16.920511588953087269,rpi13,10.069188052045348269,rpi8,21.008294671041014269,rpi17,3.4029212329921052269,rpi19,0.910331922178548269,rpi21,26.551004667403685269,rpi16,43.1554204144998269,rpi12,30.630410980983890.017536731773498012,0.017242520666612127
270,rpi9,14.647756676253316270,rpi24,27.397973068569037270,rpi15,18.00863755956212270,rpi18,5.510802113969084270,rpi4,9.768617716037268270,rpi10,19.064735826437097270,rpi13,10.263050104772924270,rpi8,21.008294671041014270,rpi17,3.2982344025261554270,rpi19,0.9007159517605438270,rpi21,30.183164263220736270,rpi16,31.081546903782613270,rpi12,26.603440608447420.017837396915138182,0.01739078570535483
271,rpi9,14.647756676253316271,rpi24,31.21581998328536271,rpi15,20.897758200979215271,rpi18,4.72169013201973271,rpi4,8.120195614073657271,rpi10,19.064735826437097271,rpi13,9.64319967145755271,rpi8,21.008294671041014271,rpi17,3.609318552421837271,rpi19,0.9154533677576735271,rpi21,28.704464618939483271,rpi16,26.890699535790816271,rpi12,31.692043682766990.0169649472356376,0.01768987105459333
272,rpi9,14.647756676253316272,rpi24,31.21581998328536272,rpi15,23.054783904039798272,rpi18,3.5865590532989007272,rpi4,8.120195614073657272,rpi10,17.8519077283476272,rpi13,9.174384287266935272,rpi8,21.008294671041014272,rpi17,3.9695398949998553272,rpi19,0.9154533677576735272,rpi21,22.593715127835548272,rpi16,25.66147880892865272,rpi12,29.6319475781269550.01611436655414505,0.017143932265447748
273,rpi9,13.640079249417022273,rpi24,31.21581998328536273,rpi15,23.054783904039798273,rpi18,4.065766084404974273,rpi4,8.120195614073657273,rpi10,20.83760046597159273,rpi13,8.815796203846162273,rpi8,21.008294671041014273,rpi17,4.185931690349719273,rpi19,0.7257866596204918273,rpi21,24.193021920197765273,rpi16,28.38084645434053273,rpi12,29.6319475781269550.01830481891568493,0.015762920059783078
274,rpi9,13.640079249417022274,rpi24,31.600925209085016274,rpi15,25.518246607664626274,rpi18,5.925348670633189274,rpi4,8.120195614073657274,rpi10,20.83760046597159274,rpi13,8.815796203846162274,rpi8,21.008294671041014274,rpi17,4.185931690349719274,rpi19,0.7257866596204918274,rpi21,24.193021920197765274,rpi16,31.478952718013545274,rpi12,29.6319475781269550.019922212864544982,0.015606435829094193
275,rpi9,16.00452583662518275,rpi24,31.600925209085016275,rpi15,27.109731812886228275,rpi18,3.922573850428392275,rpi4,8.120195614073657275,rpi10,20.83760046597159275,rpi13,11.000419153518287275,rpi8,21.008294671041014275,rpi17,4.469240333607001275,rpi19,0.6880464335718963275,rpi21,24.193021920197765275,rpi16,31.478952718013545275,rpi12,29.6319475781269550.018672853529571543,0.014886875238553868
276,rpi9,17.603306449830317276,rpi24,38.367176364113334276,rpi15,26.624855795248315276,rpi18,3.922573850428392276,rpi4,8.120195614073657276,rpi10,20.83760046597159276,rpi13,11.000419153518287276,rpi8,20.759296903382992276,rpi17,3.9736496557456493276,rpi19,0.6880464335718963276,rpi21,28.01896541413783276,rpi16,31.478952718013545276,rpi12,29.6319475781269550.018158210638287858,0.015583783385756765
277,rpi9,17.603306449830317277,rpi24,36.422342229452084277,rpi15,29.32341345747102277,rpi18,4.281594387303468277,rpi4,8.120195614073657277,rpi10,21.506917313080415277,rpi13,13.13189455614573277,rpi8,17.20901803775353277,rpi17,4.286981992537956277,rpi19,0.7791017833691162277,rpi21,31.861729108683207277,rpi16,34.19922151429514277,rpi12,31.5070801216906060.018263081143274053,0.015546711951083725
278,rpi9,17.603306449830317278,rpi24,38.308424972385545278,rpi15,27.13165024508162278,rpi18,4.473880894542529278,rpi4,8.120195614073657278,rpi10,21.506917313080415278,rpi13,13.13189455614573278,rpi8,17.20901803775353278,rpi17,3.618439597921627278,rpi19,0.6092216924158081278,rpi21,33.35150778824108278,rpi16,32.569641345258695278,rpi12,33.0922674704124160.018891676678534742,0.015517695880817778
279,rpi9,15.800666244179409279,rpi24,38.979425797706206279,rpi15,25.475469536701745279,rpi18,4.593651324205483279,rpi4,8.120195614073657279,rpi10,21.506917313080415279,rpi13,13.13189455614573279,rpi8,17.20901803775353279,rpi17,4.555055255008527279,rpi19,0.723303034328931279,rpi21,33.35150778824108279,rpi16,32.569641345258695279,rpi12,34.417650543742150.019251642116164158,0.014818512394434538
280,rpi9,15.800666244179409280,rpi24,38.979425797706206280,rpi15,25.475469536701745280,rpi18,5.308255062970265280,rpi4,8.120195614073657280,rpi10,22.057817151537385280,rpi13,14.449802443280218280,rpi8,17.20901803775353280,rpi17,4.89322199968841280,rpi19,1.0931128098291223280,rpi21,33.35150778824108280,rpi16,35.14393450806188280,rpi12,34.7076314024191750.018407537079547797,0.015928107636471043
281,rpi9,16.260740522157146281,rpi24,33.86060237363631281,rpi15,20.597085825755318281,rpi18,5.308255062970265281,rpi4,8.120195614073657281,rpi10,22.057817151537385281,rpi13,11.043062435351121281,rpi8,11.426280253446627281,rpi17,5.181743791263392281,rpi19,0.8559176595220862281,rpi21,36.223664114112964281,rpi16,36.49894444266932281,rpi12,39.2048666726325050.0198496708320343,0.014571718511229409
282,rpi9,12.679140214907187282,rpi24,33.86060237363631282,rpi15,16.31302983934116282,rpi18,4.425487200954761282,rpi4,8.120195614073657282,rpi10,22.057817151537385282,rpi13,11.043062435351121282,rpi8,11.426280253446627282,rpi17,5.812738004106205282,rpi19,0.9715062291152373282,rpi21,36.223664114112964282,rpi16,32.65422606471415282,rpi12,40.3340641789227940.018794897787638355,0.014414249879498754
283,rpi9,15.299309969591183283,rpi24,33.86060237363631283,rpi15,16.31302983934116283,rpi18,4.425487200954761283,rpi4,8.120195614073657283,rpi10,21.996319834243703283,rpi13,8.31135097149193283,rpi8,12.75333880995745283,rpi17,6.227368977640821283,rpi19,0.9715062291152373283,rpi21,36.223664114112964283,rpi16,32.86635304288608283,rpi12,37.630291971488330.019208182001333025,0.01463999939307558
284,rpi9,15.299309969591183284,rpi24,31.47427563972801284,rpi15,12.939345496553395284,rpi18,4.700082403101221284,rpi4,8.120195614073657284,rpi10,22.458462469745744284,rpi13,7.111313718265636284,rpi8,12.69986539653339284,rpi17,6.580269473317612284,rpi19,1.1930679448693495284,rpi21,32.187993320884736284,rpi16,36.224401002965564284,rpi12,29.1168276871789220.019039625004036827,0.016658260321651845
285,rpi9,11.224060008797682285,rpi24,31.810067825255704285,rpi15,13.163623283503679285,rpi18,4.168415906598212285,rpi4,9.44828952959843285,rpi10,23.3670569244403285,rpi13,6.616188900906692285,rpi8,12.69986539653339285,rpi17,7.716048401985907285,rpi19,0.9199531556674101285,rpi21,34.18409585624663285,rpi16,32.496813366823694285,rpi12,29.6698427836166550.02044878690984109,0.01514910015930419
286,rpi9,14.201034547892174286,rpi24,31.810067825255704286,rpi15,19.43168901568748286,rpi18,2.755716589367057286,rpi4,9.44828952959843286,rpi10,18.72333523367146286,rpi13,6.632638341395877286,rpi8,10.288197539696434286,rpi17,7.993113035043127286,rpi19,0.7286392648946622286,rpi21,40.04491927101315286,rpi16,32.496813366823694286,rpi12,29.6698427836166550.018893099109433365,0.014570799797546104
287,rpi9,15.755957103177408287,rpi24,30.637383729101693287,rpi15,21.506062370961022287,rpi18,4.672744973341983287,rpi4,9.44828952959843287,rpi10,21.154685372935003287,rpi13,5.78827363387431287,rpi8,11.459652160250474287,rpi17,7.327785762796331287,rpi19,0.8739972308502759287,rpi21,26.456837994893437287,rpi16,32.496813366823694287,rpi12,30.1198077875395460.02145503728020672,0.01727855047301252
288,rpi9,14.130444765769191288,rpi24,30.637383729101693288,rpi15,18.500094195981063288,rpi18,3.3264983899561282288,rpi4,9.44828952959843288,rpi10,21.768337212865404288,rpi13,5.78827363387431288,rpi8,12.492148792053701288,rpi17,7.327785762796331288,rpi19,0.5851489583255156288,rpi21,26.456837994893437288,rpi16,32.496813366823694288,rpi12,33.4257958857124250.020834430380043453,0.015367525675536278
289,rpi9,14.130444765769191289,rpi24,30.637383729101693289,rpi15,19.987250781653206289,rpi18,2.6738334951349216289,rpi4,9.44828952959843289,rpi10,16.357169880111645289,rpi13,5.190859128100244289,rpi8,9.696382045508704289,rpi17,7.327785762796331289,rpi19,0.8771554509324976289,rpi21,31.515946196442982289,rpi16,32.496813366823694289,rpi12,33.4257958857124250.018090303094056247,0.0195505125890871
290,rpi9,16.684940621864786290,rpi24,22.552845298494724290,rpi15,21.283090219604357290,rpi18,2.85742889731919290,rpi4,9.44828952959843290,rpi10,13.136102583418223290,rpi13,3.446604052875481290,rpi8,9.696382045508704290,rpi17,6.680026893838448290,rpi19,1.0122904666110422290,rpi21,37.095760613788535290,rpi16,31.994300607154347290,rpi12,33.905129341775190.01876495599010883,0.03028314787399226
291,rpi9,16.684940621864786291,rpi24,22.552845298494724291,rpi15,21.283090219604357291,rpi18,2.85742889731919291,rpi4,9.44828952959843291,rpi10,13.136102583418223291,rpi13,3.446604052875481291,rpi8,9.696382045508704291,rpi17,5.657474026226091291,rpi19,1.0122904666110422291,rpi21,39.442044999712486291,rpi16,22.89064851112886291,rpi12,33.905129341775190.018242635550978287,0.030641006109752084
292,rpi9,16.684940621864786292,rpi24,22.552845298494724292,rpi15,21.283090219604357292,rpi18,2.85742889731919292,rpi4,9.44828952959843292,rpi10,13.136102583418223292,rpi13,3.446604052875481292,rpi8,9.696382045508704292,rpi17,5.81966592634604292,rpi19,0.7717388722197138292,rpi21,39.442044999712486292,rpi16,22.89064851112886292,rpi12,33.905129341775190.019377418315390877,0.027231212044072667
293,rpi9,19.501127975059063293,rpi24,16.09759781457197293,rpi15,21.897479227827446293,rpi18,2.85742889731919293,rpi4,9.44828952959843293,rpi10,17.469208369790977293,rpi13,2.839817900521386293,rpi8,9.696382045508704293,rpi17,5.428982528397822293,rpi19,0.914222614629905293,rpi21,39.442044999712486293,rpi16,22.89064851112886293,rpi12,34.2935404953877740.019008934006185155,0.03353980349350271
294,rpi9,19.501127975059063294,rpi24,16.09759781457197294,rpi15,17.4899339202256294,rpi18,4.112023276474732294,rpi4,9.44828952959843294,rpi10,17.469208369790977294,rpi13,2.839817900521386294,rpi8,9.696382045508704294,rpi17,6.615684036005461294,rpi19,0.914222614629905294,rpi21,38.6605064891776294,rpi16,22.89064851112886294,rpi12,34.2935404953877740.0216608597050636,0.03452366641586455
295,rpi9,19.501127975059063295,rpi24,14.777768475752952295,rpi15,22.39351935285135295,rpi18,3.7763755192011303295,rpi4,9.44828952959843295,rpi10,18.252341258135083295,rpi13,3.219825932833407295,rpi8,11.44426155678373295,rpi17,6.615684036005461295,rpi19,1.0239353315679278295,rpi21,38.04644047165624295,rpi16,23.622533710349664295,rpi12,38.830220748283330.020740909184528665,0.03292195327719781
296,rpi9,19.501127975059063296,rpi24,13.555316716684041296,rpi15,22.82438627749942296,rpi18,3.691611827264065296,rpi4,9.44828952959843296,rpi10,18.252341258135083296,rpi13,3.219825932833407296,rpi8,11.44426155678373296,rpi17,5.878409062563082296,rpi19,0.8505855942315169296,rpi21,36.7071972219552296,rpi16,24.22485476081573296,rpi12,37.3538944779466250.020717147596707647,0.030349092491317904
297,rpi9,23.637319674602782297,rpi24,16.978047151664793297,rpi15,22.842285746516833297,rpi18,2.5775288225009763297,rpi4,9.44828952959843297,rpi10,18.252341258135083297,rpi13,3.219825932833407297,rpi8,11.44426155678373297,rpi17,6.100511844447136297,rpi19,0.989177930969417297,rpi21,35.66982512514326297,rpi16,16.33085585657036297,rpi12,36.148890151617370.018316055874006365,0.03120924607386048
298,rpi9,20.561882183048706298,rpi24,16.978047151664793298,rpi15,25.94046172261718298,rpi18,3.2538453889639887298,rpi4,9.44828952959843298,rpi10,17.642286238185363298,rpi13,3.219825932833407298,rpi8,12.478725170398606298,rpi17,4.108416036886653298,rpi19,1.3113527604220503298,rpi21,34.861075718798298,rpi16,16.33085585657036298,rpi12,31.4395248925978630.01683611494190038,0.03702506645041964
299,rpi9,14.54287573132859299,rpi24,16.978047151664793299,rpi15,24.571045383206854299,rpi18,3.2538453889639887299,rpi4,8.279089061984818299,rpi10,19.263885632385296299,rpi13,5.145954182779137299,rpi8,12.771331445492844299,rpi17,4.108416036886653299,rpi19,1.3113527604220503299,rpi21,34.861075718798299,rpi16,16.33085585657036299,rpi12,31.4395248925978630.014594705255286606,0.02623460392766006
300,rpi9,12.087047657601543300,rpi24,16.978047151664793300,rpi15,20.115768623543868300,rpi18,5.022077954977134300,rpi4,8.279089061984818300,rpi10,19.263885632385296300,rpi13,5.145954182779137300,rpi8,12.771331445492844300,rpi17,4.0154990974588465300,rpi19,2.116779533625188300,rpi21,34.861075718798300,rpi16,16.33085585657036300,rpi12,22.8549765256168660.014160440931921123,0.033826840699755584
